value,label
62.0,0
64.44444444444444,0
65.25,0
0.0,0
0.0,0
69.0,0
69.75,0
68.125,0
66.0,0
63.75,0
67.33333333333333,0
61.0,0
64.375,0
63.333333333333336,0
66.75,0
63.44444444444444,0
67.875,0
65.88888888888889,0
66.55555555555556,0
61.375,0
68.875,0
49.875,0
67.22222222222223,0
63.625,0
60.0,0
61.875,0
65.66666666666667,0
61.625,0
61.44444444444444,0
70.0,0
65.125,0
64.33333333333333,0
67.88888888888889,0
65.0,0
66.11111111111111,0
60.75,0
67.125,0
63.75,0
61.111111111111114,0
57.125,0
58.75,0
66.375,0
63.75,0
59.333333333333336,0
61.0,0
62.666666666666664,0
61.625,0
67.11111111111111,0
54.2,0
68.875,0
61.111111111111114,0
56.375,0
65.75,0
57.333333333333336,0
55.75,0
57.875,0
67.5,0
67.22222222222223,0
55.875,0
59.0,0
65.0,0
61.5,0
63.75,0
67.11111111111111,0
67.44444444444444,0
65.5,0
58.333333333333336,0
60.125,0
68.0,0
67.0,0
64.33333333333333,0
63.44444444444444,0
66.5,0
66.14285714285714,0
65.875,0
64.77777777777777,0
65.375,0
66.375,0
68.55555555555556,0
67.22222222222223,0
68.125,0
67.66666666666667,0
68.5,0
67.22222222222223,0
68.125,0
67.25,0
66.125,0
65.44444444444444,0
63.5,0
66.5,0
65.33333333333333,0
66.625,0
55.55555555555556,0
50.75,0
44.44444444444444,0
52.0,0
58.77777777777778,0
65.0,0
60.333333333333336,0
50.625,0
40.5,0
60.0,0
54.75,0
59.875,0
62.25,0
63.111111111111114,0
64.5,0
65.0,0
62.875,0
57.44444444444444,0
66.5,0
64.33333333333333,0
67.625,0
67.88888888888889,0
65.875,0
65.66666666666667,0
64.875,0
67.88888888888889,0
65.5,0
64.44444444444444,0
66.0,0
67.125,0
65.33333333333333,0
66.625,0
64.0,0
64.5,0
63.666666666666664,0
65.25,0
63.55555555555556,0
68.33333333333333,0
66.0,0
54.625,0
65.625,0
61.111111111111114,0
63.0,0
60.333333333333336,0
61.875,0
63.333333333333336,0
61.75,0
63.888888888888886,0
60.22222222222222,0
63.57142857142857,0
61.875,0
63.55555555555556,0
67.5,0
64.625,0
65.125,0
65.75,0
66.33333333333333,0
63.75,0
65.25,0
63.666666666666664,0
62.625,0
63.875,0
65.5,0
63.44444444444444,0
60.875,0
68.125,0
61.75,0
64.0,0
64.33333333333333,0
60.875,0
62.44444444444444,0
63.375,0
61.875,0
61.5,0
64.0,0
64.0,0
63.714285714285715,0
61.888888888888886,0
62.375,0
64.625,0
62.888888888888886,0
64.375,0
63.5,0
61.75,0
63.111111111111114,0
54.75,0
61.375,0
49.333333333333336,0
62.25,0
62.22222222222222,0
63.375,0
61.25,0
63.333333333333336,0
64.125,0
65.125,0
62.5,0
55.22222222222222,0
50.125,0
59.375,0
61.875,0
60.142857142857146,0
48.44444444444444,0
35.75,0
30.0,0
28.125,0
28.875,0
36.44444444444444,0
25.88888888888889,0
29.875,0
26.428571428571427,0
28.375,0
29.555555555555557,0
27.375,0
24.444444444444443,0
25.77777777777778,0
22.75,0
22.875,0
25.88888888888889,0
28.0,0
25.375,0
25.875,0
26.0,0
27.444444444444443,0
12.75,0
13.5,0
15.222222222222221,0
13.25,0
23.5,0
22.77777777777778,0
23.25,0
21.555555555555557,0
22.0,0
25.75,0
24.375,0
18.375,0
23.555555555555557,0
24.11111111111111,0
25.75,0
28.0,0
26.875,0
30.666666666666668,0
29.375,0
36.125,0
34.875,0
49.75,0
63.111111111111114,0
66.25,0
63.77777777777778,0
68.25,0
67.22222222222223,0
68.125,0
68.125,0
64.11111111111111,0
60.75,0
64.25,0
67.5,0
65.77777777777777,0
58.375,0
66.5,0
67.33333333333333,0
67.25,0
64.88888888888889,0
68.0,0
57.5,0
66.0,0
67.55555555555556,0
67.5,0
68.125,0
66.77777777777777,0
68.625,0
67.25,0
67.0,0
62.888888888888886,0
67.875,0
69.0,0
68.0,0
67.0,0
67.75,0
68.0,0
67.88888888888889,0
66.0,0
67.75,0
69.33333333333333,0
61.5,0
67.77777777777777,0
66.0,0
68.125,0
69.55555555555556,0
61.5,0
67.55555555555556,0
62.857142857142854,0
65.125,0
65.0,0
67.22222222222223,0
61.375,0
62.111111111111114,0
68.0,0
65.375,0
64.875,0
70.0,0
65.55555555555556,0
67.625,0
60.75,0
67.55555555555556,0
65.375,0
62.0,0
63.625,0
62.125,0
61.111111111111114,0
68.125,0
70.0,0
67.125,0
66.375,0
66.33333333333333,0
63.25,0
62.0,0
58.77777777777778,0
67.625,0
64.0,0
69.75,0
68.55555555555556,0
65.25,0
62.0,0
66.55555555555556,0
61.375,0
62.333333333333336,0
64.22222222222223,0
64.71428571428571,0
69.22222222222223,0
61.0,0
66.22222222222223,0
55.55555555555556,0
61.625,0
56.25,0
54.0,0
62.333333333333336,0
69.25,0
55.44444444444444,0
62.25,0
64.55555555555556,0
66.0,0
66.88888888888889,0
50.625,0
65.0,0
61.25,0
62.25,0
62.55555555555556,0
66.375,0
64.88888888888889,0
62.0,0
68.0,0
63.333333333333336,0
54.25,0
60.44444444444444,0
69.25,0
62.0,0
56.75,0
65.77777777777777,0
64.125,0
64.77777777777777,0
69.375,0
61.0,0
64.0,0
65.66666666666667,0
57.25,0
65.375,0
68.375,0
66.33333333333333,0
66.44444444444444,0
60.625,0
64.55555555555556,0
66.5,0
68.22222222222223,0
65.5,0
64.0,0
64.375,0
64.33333333333333,0
67.125,0
68.25,0
66.11111111111111,0
66.375,0
67.625,0
66.22222222222223,0
68.0,0
67.625,0
64.22222222222223,0
67.125,0
64.55555555555556,0
63.25,0
51.125,0
59.5,0
65.375,0
62.857142857142854,0
65.11111111111111,0
62.625,0
63.333333333333336,0
63.5,0
56.125,0
29.11111111111111,0
33.55555555555556,0
30.375,0
46.55555555555556,0
64.25,0
68.5,0
68.22222222222223,0
67.0,0
67.0,0
66.75,0
65.0,0
65.125,0
62.875,0
66.33333333333333,0
62.75,0
65.66666666666667,0
63.5,0
62.0,0
53.5,0
59.0,0
63.666666666666664,0
62.5,0
63.44444444444444,0
66.875,0
64.25,0
65.33333333333333,0
65.375,0
63.0,0
64.125,0
65.88888888888889,0
64.625,0
63.75,0
61.125,0
62.75,0
64.0,0
66.875,0
63.22222222222222,0
63.125,0
61.0,0
58.666666666666664,0
58.375,0
63.0,0
62.5,0
64.875,0
54.625,0
53.22222222222222,0
59.75,0
67.33333333333333,0
67.375,0
65.57142857142857,0
64.25,0
65.125,0
64.25,0
64.375,0
59.77777777777778,0
61.5,0
64.66666666666667,0
59.875,0
48.25,0
38.888888888888886,0
39.625,0
54.0,0
42.875,0
64.66666666666667,0
63.0,0
59.888888888888886,0
65.625,0
64.0,0
56.75,0
60.25,0
38.888888888888886,0
34.25,0
27.375,0
25.625,0
31.333333333333332,0
31.555555555555557,0
25.875,0
31.0,0
35.111111111111114,0
33.55555555555556,0
29.0,0
34.5,0
32.75,0
27.5,0
29.0,0
25.0,0
28.444444444444443,0
27.25,0
36.75,0
34.5,0
29.555555555555557,0
28.25,0
27.875,0
29.555555555555557,0
28.875,0
35.77777777777778,0
27.125,0
28.5,0
25.77777777777778,0
27.375,0
26.0,0
24.875,0
24.333333333333332,0
26.375,0
24.25,0
26.625,0
26.555555555555557,0
23.125,0
22.625,0
22.375,0
31.125,0
29.0,0
29.875,0
30.333333333333332,0
24.444444444444443,0
20.375,0
25.555555555555557,0
27.5,0
28.77777777777778,0
22.375,0
25.88888888888889,0
24.625,0
25.75,0
26.875,0
24.0,0
26.555555555555557,0
26.555555555555557,0
26.0,0
32.875,0
29.77777777777778,0
30.666666666666668,0
29.375,0
41.0,0
51.77777777777778,0
52.55555555555556,0
55.125,0
62.0,0
63.125,0
67.66666666666667,0
63.55555555555556,0
65.625,0
61.625,0
64.11111111111111,0
66.77777777777777,0
66.125,0
65.875,0
68.55555555555556,0
66.625,0
67.625,0
66.44444444444444,0
67.75,0
66.33333333333333,0
67.0,0
65.55555555555556,0
66.55555555555556,0
64.75,0
64.0,0
66.77777777777777,0
58.875,0
66.0,0
66.77777777777777,0
66.5,0
65.66666666666667,0
63.75,0
68.125,0
67.42857142857143,0
66.55555555555556,0
66.44444444444444,0
66.625,0
66.5,0
68.5,0
66.11111111111111,0
67.25,0
64.5,0
66.125,0
66.75,0
66.25,0
65.66666666666667,0
62.75,0
67.375,0
69.57142857142857,0
68.33333333333333,0
60.333333333333336,0
66.875,0
67.33333333333333,0
67.125,0
69.55555555555556,0
69.5,0
67.5,0
0.0,0
67.42857142857143,0
68.875,0
66.77777777777777,0
64.75,0
66.88888888888889,0
68.375,0
65.77777777777777,0
68.625,0
65.66666666666667,0
69.5,0
65.625,0
66.66666666666667,0
67.625,0
63.77777777777778,0
63.75,0
68.0,0
62.625,0
67.55555555555556,0
64.75,0
69.33333333333333,0
66.75,0
67.375,0
66.875,0
65.75,0
68.75,0
63.0,0
66.25,0
68.875,0
67.125,0
66.375,0
62.333333333333336,0
69.25,0
65.25,0
63.44444444444444,0
58.857142857142854,0
66.875,0
64.33333333333333,0
69.0,0
60.125,0
62.666666666666664,0
66.625,0
66.33333333333333,0
65.625,0
62.44444444444444,0
64.0,0
65.44444444444444,0
67.25,0
58.25,0
69.14285714285714,0
66.66666666666667,0
56.75,0
57.333333333333336,0
64.875,0
58.25,0
59.75,0
67.22222222222223,0
52.0,0
57.0,0
67.75,0
61.77777777777778,0
53.77777777777778,0
53.875,0
67.22222222222223,0
63.666666666666664,0
64.5,0
60.375,0
61.888888888888886,0
68.5,0
63.5,0
64.66666666666667,0
65.375,0
64.88888888888889,0
65.44444444444444,0
67.0,0
66.77777777777777,0
65.22222222222223,0
68.875,0
68.0,0
67.22222222222223,0
61.625,0
67.77777777777777,0
63.142857142857146,0
69.33333333333333,0
65.55555555555556,0
68.375,0
65.88888888888889,0
64.28571428571429,0
68.55555555555556,0
66.25,0
67.57142857142857,0
68.11111111111111,0
68.75,0
66.125,0
69.22222222222223,0
66.55555555555556,0
69.25,0
66.77777777777777,0
67.0,0
67.25,0
66.77777777777777,0
70.0,0
68.44444444444444,0
69.0,0
66.77777777777777,0
68.625,0
68.625,0
67.25,0
67.88888888888889,0
69.125,0
69.11111111111111,0
68.125,0
66.75,0
66.44444444444444,0
67.33333333333333,0
68.25,0
69.66666666666667,0
67.0,0
69.25,0
68.875,0
68.11111111111111,0
68.125,0
68.375,0
66.66666666666667,0
66.5,0
67.88888888888889,0
66.125,0
68.875,0
66.55555555555556,0
68.22222222222223,0
67.375,0
44.5,0
32.111111111111114,0
38.75,0
35.333333333333336,0
42.333333333333336,0
52.142857142857146,0
67.125,0
66.44444444444444,0
66.625,0
66.625,0
63.0,0
66.0,0
65.0,0
67.625,0
60.75,0
69.0,0
58.0,0
63.875,0
62.75,0
41.666666666666664,0
56.75,0
49.888888888888886,0
57.0,0
66.44444444444444,0
62.25,0
48.5,0
58.666666666666664,0
66.75,0
63.55555555555556,0
61.125,0
63.25,0
34.0,0
31.22222222222222,0
63.625,0
63.25,0
66.77777777777777,0
66.5,0
66.625,0
64.88888888888889,0
68.5,0
63.875,0
59.77777777777778,0
39.25,0
47.25,0
61.5,0
65.77777777777777,0
62.142857142857146,0
64.75,0
67.11111111111111,0
65.875,0
66.5,0
66.44444444444444,0
58.111111111111114,0
65.5,0
67.14285714285714,0
65.625,0
64.33333333333333,0
66.625,0
67.11111111111111,0
65.125,0
66.375,0
64.0,0
63.625,0
64.875,0
67.625,0
67.125,0
67.11111111111111,0
66.88888888888889,0
65.0,0
67.125,0
67.375,0
57.25,0
65.55555555555556,0
64.0,0
66.875,0
66.88888888888889,0
63.875,0
64.88888888888889,0
66.875,0
64.55555555555556,0
64.5,0
63.55555555555556,0
65.625,0
65.33333333333333,0
62.0,0
62.44444444444444,0
62.77777777777778,0
59.125,0
64.77777777777777,0
63.77777777777778,0
62.375,0
59.5,0
66.33333333333333,0
63.25,0
63.888888888888886,0
64.75,0
62.5,0
61.875,0
61.125,0
64.375,0
63.0,0
65.75,0
66.66666666666667,0
63.0,0
68.5,0
64.33333333333333,0
66.25,0
68.11111111111111,0
66.55555555555556,0
67.11111111111111,0
68.875,0
67.75,0
68.5,0
69.22222222222223,0
66.75,0
68.55555555555556,0
68.125,0
67.875,0
69.25,0
66.0,0
68.625,0
66.11111111111111,0
66.75,0
67.875,0
67.875,0
66.75,0
56.0,0
68.44444444444444,0
66.875,0
68.25,0
69.375,0
67.77777777777777,0
69.0,0
68.0,0
65.625,0
69.11111111111111,0
67.875,0
68.44444444444444,0
68.75,0
69.375,0
67.77777777777777,0
68.625,0
65.625,0
67.88888888888889,0
69.25,0
68.55555555555556,0
69.14285714285714,0
61.666666666666664,0
67.875,0
67.66666666666667,0
65.625,0
68.625,0
69.22222222222223,0
69.33333333333333,0
67.0,0
68.25,0
65.71428571428571,0
69.75,0
69.44444444444444,0
68.125,0
66.44444444444444,0
68.875,0
69.25,0
69.11111111111111,0
69.55555555555556,0
65.44444444444444,0
66.5,0
69.25,0
69.22222222222223,0
68.75,0
68.66666666666667,0
68.75,0
69.625,0
65.88888888888889,0
68.5,0
69.33333333333333,0
69.375,0
67.33333333333333,0
68.375,0
68.875,0
67.375,0
69.33333333333333,0
69.375,0
69.77777777777777,0
67.75,0
65.55555555555556,0
67.75,0
66.55555555555556,0
66.75,0
68.75,0
69.33333333333333,0
68.375,0
69.0,0
66.11111111111111,0
65.125,0
67.88888888888889,0
66.375,0
70.0,0
66.5,0
68.25,0
67.77777777777777,0
69.5,0
68.2,0
64.57142857142857,0
65.625,0
69.77777777777777,0
63.5,0
63.25,0
62.55555555555556,0
63.666666666666664,0
69.71428571428571,0
64.0,0
63.0,0
60.44444444444444,0
66.875,0
66.33333333333333,0
60.25,0
68.0,0
65.0,0
66.77777777777777,0
63.125,0
69.125,0
60.625,0
69.44444444444444,0
64.875,0
67.77777777777777,0
65.0,0
69.125,0
64.125,0
66.875,0
64.875,0
68.0,0
66.875,0
67.25,0
69.625,0
68.22222222222223,0
69.5,0
67.375,0
67.88888888888889,0
67.875,0
69.55555555555556,0
68.33333333333333,0
68.625,0
69.55555555555556,0
67.0,0
61.333333333333336,0
67.25,0
69.11111111111111,0
69.25,0
66.75,0
69.625,0
67.77777777777777,0
67.75,0
68.33333333333333,0
69.375,0
64.33333333333333,0
64.625,0
68.0,0
69.0,0
70.0,0
68.75,0
69.125,0
69.77777777777777,0
68.125,0
68.625,0
68.55555555555556,0
69.25,0
69.33333333333333,0
69.28571428571429,0
69.22222222222223,0
67.75,0
68.22222222222223,0
61.125,0
68.625,0
69.66666666666667,0
69.875,0
69.0,0
69.0,0
70.0,0
69.125,0
68.88888888888889,0
69.875,0
68.55555555555556,0
68.0,0
68.375,0
68.125,0
67.25,0
69.11111111111111,0
69.42857142857143,0
68.66666666666667,0
65.375,0
67.0,0
67.25,0
65.875,0
69.33333333333333,0
68.375,0
69.375,0
67.66666666666667,0
68.375,0
68.77777777777777,0
67.375,0
65.22222222222223,0
65.875,0
67.375,0
68.77777777777777,0
66.11111111111111,0
68.25,0
69.375,0
67.11111111111111,0
66.875,0
66.875,0
66.75,0
67.0,0
62.888888888888886,0
67.25,0
69.22222222222223,0
67.77777777777777,0
68.375,0
67.25,0
68.125,0
68.55555555555556,0
67.88888888888889,0
65.375,0
64.125,0
67.44444444444444,0
69.125,0
69.375,0
67.875,0
69.25,0
66.5,0
68.125,0
65.66666666666667,0
66.75,0
69.11111111111111,0
68.125,0
67.88888888888889,0
67.625,0
67.0,0
67.0,0
67.33333333333333,0
66.5,0
67.42857142857143,0
68.25,0
68.5,0
68.66666666666667,0
68.875,0
69.85714285714286,0
67.22222222222223,0
68.125,0
65.0,0
68.25,0
67.75,0
66.85714285714286,0
67.0,0
68.33333333333333,0
68.375,0
68.875,0
68.11111111111111,0
65.875,0
67.11111111111111,0
68.375,0
68.77777777777777,0
68.125,0
67.44444444444444,0
67.125,0
65.625,0
67.11111111111111,0
66.75,0
66.44444444444444,0
67.0,0
68.88888888888889,0
68.55555555555556,0
65.5,0
63.875,0
62.625,0
62.375,0
62.333333333333336,0
62.0,0
64.0,0
64.625,0
65.77777777777777,0
66.0,0
66.22222222222223,0
65.88888888888889,0
66.375,0
65.125,0
64.875,0
67.0,0
64.875,0
66.88888888888889,0
65.5,0
59.5,0
66.33333333333333,0
68.55555555555556,0
67.85714285714286,0
61.857142857142854,0
68.11111111111111,0
67.875,0
66.625,0
69.11111111111111,0
68.75,0
59.75,0
68.14285714285714,0
67.33333333333333,0
68.88888888888889,0
68.375,0
67.0,0
69.0,0
66.77777777777777,0
68.375,0
68.75,0
69.25,0
68.25,0
66.44444444444444,0
67.875,0
67.75,0
62.333333333333336,0
68.625,0
67.125,0
67.375,0
68.33333333333333,0
66.55555555555556,0
65.85714285714286,0
65.75,0
69.77777777777777,0
68.375,0
60.375,0
68.66666666666667,0
66.75,0
64.75,0
67.0,0
69.375,0
68.33333333333333,0
66.14285714285714,0
69.0,0
66.25,0
69.625,0
67.88888888888889,0
69.75,0
67.44444444444444,0
65.875,0
56.625,0
66.33333333333333,0
69.5,0
66.42857142857143,0
64.8,0
69.75,0
66.22222222222223,0
67.375,0
69.125,0
64.33333333333333,0
66.625,0
64.0,0
69.625,0
68.125,0
64.125,0
58.333333333333336,0
69.0,0
69.25,0
69.625,0
67.88888888888889,0
57.5,0
66.375,0
64.88888888888889,0
65.375,0
59.75,0
50.5,0
68.44444444444444,0
69.33333333333333,0
69.75,0
68.0,0
70.0,0
60.125,0
68.25,0
63.77777777777778,0
63.55555555555556,0
62.25,0
60.888888888888886,0
62.625,0
65.88888888888889,0
61.375,0
64.625,0
59.111111111111114,0
68.125,0
67.11111111111111,0
57.125,0
67.25,0
66.11111111111111,0
62.111111111111114,0
55.75,0
69.66666666666667,0
63.22222222222222,0
54.5,0
68.88888888888889,0
65.375,0
69.22222222222223,0
55.285714285714285,0
61.888888888888886,0
59.55555555555556,0
52.625,0
64.11111111111111,0
63.75,0
64.75,0
57.0,0
57.125,0
60.625,0
64.0,0
61.0,0
63.0,0
66.5,0
62.75,0
63.5,0
68.55555555555556,0
62.666666666666664,0
64.125,0
67.125,0
63.375,0
66.5,0
64.875,0
66.25,0
66.375,0
65.77777777777777,0
66.44444444444444,0
65.625,0
65.44444444444444,0
66.75,0
68.11111111111111,0
66.0,0
65.625,0
65.75,0
63.625,0
62.44444444444444,0
64.25,0
63.0,0
61.55555555555556,0
49.75,0
42.44444444444444,0
31.25,0
38.55555555555556,0
33.625,0
56.875,0
63.0,0
55.22222222222222,0
62.44444444444444,0
63.125,0
61.0,0
48.5,0
61.125,0
57.125,0
62.5,0
63.5,0
61.75,0
64.0,0
58.125,0
60.44444444444444,0
60.0,0
64.625,0
64.44444444444444,0
61.5,0
63.875,0
61.333333333333336,0
64.25,0
63.55555555555556,0
65.375,0
64.25,0
61.875,0
64.88888888888889,0
65.25,0
66.55555555555556,0
63.875,0
65.375,0
66.44444444444444,0
63.375,0
62.75,0
67.75,0
66.66666666666667,0
67.75,0
65.125,0
62.125,0
62.625,0
65.33333333333333,0
61.888888888888886,0
66.75,0
66.22222222222223,0
63.875,0
63.857142857142854,0
62.888888888888886,0
66.375,0
61.22222222222222,0
64.25,0
63.0,0
63.111111111111114,0
64.0,0
65.25,0
64.44444444444444,0
62.875,0
64.22222222222223,0
64.57142857142857,0
65.75,0
64.11111111111111,0
65.0,0
65.0,0
63.333333333333336,0
64.66666666666667,0
0.0,0
0.0,0
0.0,0
0.0,0
0.0,0
0.0,0
0.0,0
0.0,0
0.0,0
0.0,0
0.0,0
0.0,0
0.0,0
0.0,0
0.0,0
0.0,0
0.0,0
66.75,0
63.25,0
65.125,0
63.55555555555556,0
59.22222222222222,0
62.75,0
60.77777777777778,0
61.375,0
47.375,0
49.0,0
59.25,0
59.75,0
54.55555555555556,0
63.5,0
63.625,0
61.25,0
52.22222222222222,0
64.28571428571429,0
57.22222222222222,0
59.625,0
47.125,0
29.22222222222222,0
25.0,0
26.625,0
29.375,0
28.666666666666668,0
31.25,0
30.125,0
22.857142857142858,0
25.22222222222222,0
29.11111111111111,0
29.0,0
29.285714285714285,0
28.0,0
26.555555555555557,0
27.0,0
30.333333333333332,0
30.571428571428573,0
26.444444444444443,0
33.0,0
23.444444444444443,0
22.875,0
23.77777777777778,0
23.75,0
26.0,0
29.75,0
28.625,0
33.55555555555556,0
43.0,0
19.0,0
25.125,0
28.125,0
36.0,0
62.625,0
64.375,0
66.55555555555556,0
60.375,0
62.666666666666664,0
64.5,0
62.5,0
65.55555555555556,0
66.5,0
67.0,0
67.75,0
65.125,0
65.0,0
64.0,0
66.0,0
65.22222222222223,0
65.5,0
63.875,0
67.33333333333333,0
66.85714285714286,0
67.0,0
64.5,0
66.77777777777777,0
68.75,0
65.0,0
65.22222222222223,0
65.375,0
65.375,0
61.666666666666664,0
67.66666666666667,0
64.25,0
67.375,0
65.875,0
66.0,0
60.888888888888886,0
64.22222222222223,0
63.125,0
65.375,0
60.25,0
64.77777777777777,0
65.75,0
65.11111111111111,0
64.0,0
65.0,0
65.33333333333333,0
65.375,0
67.125,0
64.875,0
62.22222222222222,0
58.0,0
67.88888888888889,0
66.75,0
67.75,0
63.55555555555556,0
61.625,0
65.25,0
64.0,0
64.75,0
62.857142857142854,0
64.57142857142857,0
57.625,0
63.25,0
67.55555555555556,0
60.666666666666664,0
61.375,0
69.0,0
64.77777777777777,0
61.0,0
61.25,0
66.625,0
62.44444444444444,0
57.125,0
63.5,0
60.44444444444444,0
54.666666666666664,0
57.875,0
57.75,0
65.33333333333333,0
63.875,0
65.22222222222223,0
54.666666666666664,0
61.0,0
58.111111111111114,0
52.625,0
67.11111111111111,0
61.5,0
55.125,0
70.0,0
56.75,0
62.55555555555556,0
66.25,0
58.625,0
64.625,0
48.625,0
64.11111111111111,0
53.0,0
50.625,0
57.666666666666664,0
51.625,0
48.666666666666664,0
60.25,0
63.888888888888886,0
61.75,0
64.11111111111111,0
61.0,0
66.625,0
63.888888888888886,0
62.5,0
63.666666666666664,0
60.77777777777778,0
62.125,0
53.875,0
63.333333333333336,0
60.625,0
57.666666666666664,0
59.625,0
55.0,0
57.25,0
60.125,0
62.0,0
56.333333333333336,0
53.0,0
66.0,0
60.0,0
64.57142857142857,0
64.42857142857143,0
66.55555555555556,0
59.75,0
59.142857142857146,0
67.0,0
63.625,0
64.625,0
63.44444444444444,0
64.875,0
64.33333333333333,0
64.375,0
66.55555555555556,0
66.75,0
66.125,0
67.0,0
66.25,0
65.55555555555556,0
65.125,0
62.5,0
65.625,0
60.44444444444444,0
66.375,0
59.888888888888886,0
58.375,0
39.625,0
30.75,0
39.5,0
54.77777777777778,0
63.75,0
59.5,0
58.125,0
61.125,0
50.5,0
60.111111111111114,0
57.22222222222222,0
64.875,0
65.875,0
62.44444444444444,0
61.5,0
64.5,0
64.55555555555556,0
61.22222222222222,0
64.28571428571429,0
62.625,0
60.625,0
63.625,0
63.875,0
48.0,0
61.625,0
65.25,0
64.625,0
63.625,0
56.5,0
62.333333333333336,0
64.625,0
64.88888888888889,0
63.25,0
63.125,0
62.77777777777778,0
61.0,0
63.111111111111114,0
64.875,0
59.875,0
64.0,0
65.875,0
62.55555555555556,0
63.25,0
63.125,0
61.5,0
62.666666666666664,0
61.888888888888886,0
60.875,0
66.11111111111111,0
64.0,0
0.0,0
0.0,0
63.2,0
62.625,0
64.0,0
62.125,0
61.625,0
63.875,0
63.5,0
60.55555555555556,0
54.5,0
64.33333333333333,0
60.0,0
61.666666666666664,0
64.5,0
61.125,0
56.0,0
65.0,0
63.22222222222222,0
59.75,0
64.0,0
62.125,0
63.375,0
60.55555555555556,0
64.875,0
66.11111111111111,0
64.25,0
0.0,0
0.0,0
59.0,0
59.5,0
62.22222222222222,0
61.75,0
53.125,0
49.125,0
55.375,0
57.625,0
60.77777777777778,0
65.25,0
61.22222222222222,0
62.125,0
59.125,0
56.625,0
61.111111111111114,0
62.666666666666664,0
55.125,0
36.5,0
51.333333333333336,0
45.666666666666664,0
0.0,0
0.0,0
54.0,0
58.125,0
60.75,0
43.875,0
60.666666666666664,0
45.375,0
30.75,0
29.125,0
27.555555555555557,0
41.714285714285715,0
58.111111111111114,0
41.625,0
30.77777777777778,0
24.88888888888889,0
22.444444444444443,0
27.125,0
27.0,0
24.0,0
24.25,0
26.555555555555557,0
27.875,0
27.22222222222222,0
27.75,0
28.11111111111111,0
19.428571428571427,0
21.88888888888889,0
21.75,0
22.0,0
0.0,0
0.0,0
21.0,0
25.88888888888889,0
23.125,0
29.625,0
27.22222222222222,0
32.25,0
32.111111111111114,0
49.666666666666664,0
59.375,0
61.625,0
59.0,0
60.375,0
61.888888888888886,0
66.44444444444444,0
66.0,0
66.0,0
65.125,0
67.0,0
63.888888888888886,0
57.0,0
65.375,0
61.55555555555556,0
66.125,0
64.0,0
38.125,0
57.125,0
68.0,0
55.333333333333336,0
55.25,0
64.33333333333333,0
65.55555555555556,0
61.375,0
57.625,0
62.666666666666664,0
60.5,0
51.55555555555556,0
56.75,0
63.625,0
54.44444444444444,0
66.0,0
55.0,0
56.625,0
47.666666666666664,0
50.333333333333336,0
68.75,0
67.55555555555556,0
68.75,0
69.0,0
67.25,0
66.0,0
68.66666666666667,0
0.0,0
0.0,0
47.666666666666664,0
66.55555555555556,0
60.625,0
66.33333333333333,0
52.111111111111114,0
56.75,0
58.5,0
53.77777777777778,0
68.375,0
67.11111111111111,0
68.875,0
61.333333333333336,0
51.25,0
60.42857142857143,0
60.4,0
61.875,0
57.666666666666664,0
48.0,0
67.5,0
59.0,0
63.625,0
61.111111111111114,0
66.875,0
68.0,0
61.5,0
64.125,0
64.55555555555556,0
65.11111111111111,0
65.11111111111111,0
65.875,0
50.625,0
62.333333333333336,0
52.625,0
55.5,0
64.0,0
55.25,0
53.714285714285715,0
67.0,0
56.0,0
64.77777777777777,0
54.75,0
68.125,0
66.33333333333333,0
66.125,0
67.0,0
62.25,0
64.5,0
65.125,0
61.0,0
56.44444444444444,0
65.125,0
67.75,0
53.0,0
65.75,0
65.5,0
52.111111111111114,0
62.375,0
59.0,0
65.375,0
62.0,0
65.11111111111111,0
69.25,0
54.625,0
60.5,0
65.875,0
65.11111111111111,0
62.0,0
60.333333333333336,0
61.75,0
69.375,0
65.33333333333333,0
63.75,0
60.22222222222222,0
62.25,0
63.888888888888886,0
66.28571428571429,0
63.333333333333336,0
66.66666666666667,0
60.666666666666664,0
66.875,0
66.33333333333333,0
65.375,0
66.125,0
66.5,0
66.0,0
64.6,0
0.0,0
0.0,0
68.0,0
66.33333333333333,0
64.11111111111111,0
66.375,0
67.0,0
67.25,0
66.88888888888889,0
67.75,0
65.55555555555556,0
66.22222222222223,0
66.125,0
67.625,0
65.75,0
66.375,0
64.75,0
64.11111111111111,0
51.0,0
56.44444444444444,0
56.25,0
56.111111111111114,0
67.125,0
65.25,0
56.666666666666664,0
55.0,0
65.5,0
0.0,0
0.0,0
66.66666666666667,0
65.5,0
59.625,0
65.66666666666667,0
65.11111111111111,0
65.875,0
65.8,0
0.0,0
0.0,0
63.0,0
66.55555555555556,0
65.5,0
64.55555555555556,0
65.125,0
67.66666666666667,0
62.375,0
66.11111111111111,0
64.125,0
66.0,0
65.25,0
63.25,0
68.55555555555556,0
64.375,0
64.33333333333333,0
66.25,0
57.125,0
61.666666666666664,0
61.25,0
65.11111111111111,0
64.25,0
63.22222222222222,0
66.125,0
64.0,0
61.875,0
66.25,0
65.77777777777777,0
66.375,0
66.55555555555556,0
65.0,0
64.66666666666667,0
60.333333333333336,0
62.666666666666664,0
66.625,0
64.875,0
65.625,0
58.22222222222222,0
64.375,0
64.5,0
65.11111111111111,0
66.0,0
64.44444444444444,0
64.0,0
62.888888888888886,0
65.0,0
63.0,0
66.625,0
64.77777777777777,0
64.25,0
63.0,0
62.5,0
63.22222222222222,0
55.77777777777778,0
63.714285714285715,0
58.111111111111114,0
67.0,0
63.888888888888886,0
62.625,0
65.125,0
64.88888888888889,0
63.875,0
63.375,0
59.77777777777778,0
61.75,0
60.25,0
61.625,0
61.22222222222222,0
65.0,0
64.5,0
47.22222222222222,0
54.375,0
64.88888888888889,0
59.0,0
64.625,0
62.25,0
56.625,0
29.22222222222222,0
32.0,0
32.75,0
31.22222222222222,0
41.5,0
29.125,0
27.625,0
31.22222222222222,0
28.666666666666668,0
26.75,0
37.25,0
26.666666666666668,0
29.125,0
28.0,0
26.0,0
31.875,0
28.555555555555557,0
25.555555555555557,0
27.75,0
28.0,0
25.25,0
28.11111111111111,0
28.11111111111111,0
28.5,0
27.77777777777778,0
25.0,0
26.75,0
20.333333333333332,0
24.444444444444443,0
24.125,0
25.375,0
26.75,0
24.25,0
25.88888888888889,0
25.0,0
23.77777777777778,0
25.142857142857142,0
26.571428571428573,0
25.375,0
25.11111111111111,0
29.5,0
28.22222222222222,0
30.125,0
27.625,0
29.11111111111111,0
39.5,0
48.111111111111114,0
57.125,0
67.25,0
64.75,0
0.0,0
0.0,0
0.0,0
66.28571428571429,0
60.77777777777778,0
66.25,0
64.5,0
67.11111111111111,0
66.71428571428571,0
67.75,0
66.75,0
66.66666666666667,0
68.375,0
66.44444444444444,0
64.625,0
65.625,0
66.11111111111111,0
62.888888888888886,0
67.125,0
68.22222222222223,0
63.625,0
66.11111111111111,0
59.888888888888886,0
67.875,0
67.5,0
69.0,0
64.625,0
67.55555555555556,0
66.5,0
65.55555555555556,0
63.375,0
66.33333333333333,0
66.25,0
66.5,0
68.5,0
66.0,0
65.44444444444444,0
67.42857142857143,0
67.77777777777777,0
61.0,0
68.0,0
62.0,0
66.625,0
65.28571428571429,0
68.66666666666667,0
67.5,0
68.625,0
67.11111111111111,0
65.75,0
69.22222222222223,0
66.75,0
64.0,0
64.5,0
68.625,0
68.75,0
66.0,0
69.77777777777777,0
65.375,0
67.375,0
64.875,0
67.0,0
63.5,0
60.875,0
66.33333333333333,0
70.0,0
65.75,0
63.5,0
69.625,0
62.125,0
69.44444444444444,0
68.25,0
60.333333333333336,0
66.75,0
63.125,0
65.55555555555556,0
57.25,0
58.625,0
62.75,0
62.625,0
69.71428571428571,0
61.77777777777778,0
65.625,0
59.5,0
66.125,0
60.142857142857146,0
48.666666666666664,0
61.5,0
49.625,0
60.888888888888886,0
68.875,0
57.625,0
59.75,0
69.375,0
61.0,0
55.375,0
63.125,0
65.88888888888889,0
63.833333333333336,0
62.25,0
68.5,0
62.0,0
51.714285714285715,0
63.888888888888886,0
59.75,0
67.14285714285714,0
58.142857142857146,0
61.625,0
58.0,0
67.375,0
63.625,0
63.111111111111114,0
63.25,0
57.44444444444444,0
65.375,0
63.875,0
63.875,0
61.888888888888886,0
58.75,0
63.75,0
62.77777777777778,0
62.5,0
63.875,0
64.375,0
66.625,0
64.875,0
65.66666666666667,0
66.5,0
69.0,0
66.88888888888889,0
66.44444444444444,0
65.0,0
67.22222222222223,0
66.0,0
64.5,0
63.111111111111114,0
67.625,0
67.44444444444444,0
66.375,0
63.333333333333336,0
63.714285714285715,0
62.75,0
59.333333333333336,0
44.5,0
54.55555555555556,0
36.111111111111114,0
33.125,0
43.142857142857146,0
60.25,0
61.77777777777778,0
63.75,0
41.625,0
25.5,0
29.444444444444443,0
34.25,0
51.666666666666664,0
57.25,0
56.875,0
63.666666666666664,0
64.22222222222223,0
64.0,0
65.28571428571429,0
64.44444444444444,0
62.5,0
61.44444444444444,0
65.625,0
64.44444444444444,0
64.125,0
64.25,0
62.55555555555556,0
66.125,0
63.75,0
64.66666666666667,0
64.44444444444444,0
60.55555555555556,0
64.25,0
64.875,0
61.111111111111114,0
65.25,0
63.25,0
62.111111111111114,0
65.25,0
63.55555555555556,0
64.125,0
63.0,0
58.625,0
67.11111111111111,0
62.25,0
61.25,0
64.66666666666667,0
61.875,0
61.875,0
60.666666666666664,0
63.625,0
59.0,0
57.25,0
65.57142857142857,0
0.0,0
0.0,0
65.66666666666667,0
62.875,0
59.25,0
63.55555555555556,0
63.0,0
63.25,0
61.333333333333336,0
61.25,0
63.125,0
62.333333333333336,0
65.5,0
59.75,0
60.375,0
61.75,0
61.44444444444444,0
63.625,0
62.125,0
61.888888888888886,0
63.714285714285715,0
62.0,0
61.375,0
60.125,0
61.875,0
62.625,0
59.77777777777778,0
58.111111111111114,0
63.125,0
61.44444444444444,0
58.0,0
53.25,0
49.22222222222222,0
62.5,0
63.75,0
59.666666666666664,0
58.0,0
0.0,0
0.0,0
58.5,0
50.77777777777778,0
30.555555555555557,0
31.5,0
0.0,0
0.0,0
24.5,0
29.77777777777778,0
24.75,0
26.0,0
29.75,0
31.0,0
29.5,0
24.77777777777778,0
24.875,0
27.0,0
26.5,0
25.555555555555557,0
31.5,0
21.25,0
23.77777777777778,0
24.25,0
23.125,0
23.77777777777778,0
26.125,0
27.875,0
20.333333333333332,0
24.625,0
25.5,0
25.875,0
27.444444444444443,0
29.75,0
27.75,0
24.11111111111111,0
25.25,0
25.625,0
24.333333333333332,0
23.625,0
15.625,0
18.0,0
0.0,0
0.0,0
19.0,0
0.0,0
0.0,0
0.0,0
0.0,0
0.0,0
0.0,0
0.0,0
0.0,0
0.0,0
0.0,0
0.0,0
0.0,0
0.0,0
0.0,0
0.0,0
0.0,0
0.0,0
0.0,0
0.0,0
0.0,0
0.0,0
0.0,0
0.0,0
0.0,0
0.0,0
0.0,0
0.0,0
0.0,0
0.0,0
0.0,0
0.0,0
0.0,0
0.0,0
0.0,0
0.0,0
0.0,0
0.0,0
0.0,0
0.0,0
0.0,0
0.0,0
0.0,0
0.0,0
0.0,0
0.0,0
0.0,0
0.0,0
0.0,0
0.0,0
0.0,0
0.0,0
0.0,0
0.0,0
0.0,0
0.0,0
0.0,0
0.0,0
0.0,0
0.0,0
0.0,0
0.0,0
0.0,0
0.0,0
0.0,0
0.0,0
0.0,0
0.0,0
0.0,0
0.0,0
0.0,0
0.0,0
0.0,0
0.0,0
0.0,0
0.0,0
0.0,0
0.0,0
0.0,0
0.0,0
0.0,0
0.0,0
0.0,0
0.0,0
0.0,0
0.0,0
0.0,0
0.0,0
0.0,0
0.0,0
0.0,0
0.0,0
0.0,0
0.0,0
0.0,0
0.0,0
0.0,0
0.0,0
0.0,0
0.0,0
0.0,0
0.0,0
0.0,0
0.0,0
0.0,0
0.0,0
0.0,0
0.0,0
64.5,0
45.166666666666664,0
0.0,0
0.0,0
0.0,0
64.125,0
60.5,0
67.875,0
55.666666666666664,0
66.0,0
59.5,0
55.666666666666664,0
62.75,0
61.625,0
68.11111111111111,0
67.0,0
65.5,0
62.25,0
62.625,0
61.375,0
61.5,0
62.55555555555556,0
66.875,0
62.111111111111114,0
68.125,0
63.333333333333336,0
64.5,0
67.625,0
66.75,0
65.125,0
64.66666666666667,0
64.44444444444444,0
65.5,0
65.11111111111111,0
66.875,0
64.55555555555556,0
68.0,0
62.625,0
67.44444444444444,0
64.375,0
64.55555555555556,0
62.75,0
66.0,0
63.666666666666664,0
63.125,0
55.875,0
64.5,0
62.55555555555556,0
57.888888888888886,0
61.375,0
63.25,0
55.22222222222222,0
56.625,0
61.888888888888886,0
59.77777777777778,0
61.875,0
63.25,0
55.888888888888886,0
66.0,0
62.666666666666664,0
65.0,0
58.125,0
66.75,0
64.75,0
57.625,0
63.0,0
63.75,0
61.0,0
65.44444444444444,0
66.125,0
64.5,0
62.55555555555556,0
54.375,0
65.625,0
63.333333333333336,0
54.125,0
64.88888888888889,0
63.75,0
59.77777777777778,0
62.0,0
59.666666666666664,0
64.125,0
64.5,0
60.44444444444444,0
68.33333333333333,0
0.0,0
0.0,0
57.4,0
55.888888888888886,0
66.875,0
65.375,0
66.375,0
61.666666666666664,0
45.25,0
50.75,0
56.77777777777778,0
40.5,0
63.111111111111114,0
56.625,0
55.0,0
58.714285714285715,0
62.5,0
55.333333333333336,0
62.0,0
66.625,0
63.44444444444444,0
61.44444444444444,0
62.666666666666664,0
64.125,0
63.5,0
62.125,0
57.5,0
62.75,0
61.22222222222222,0
60.625,0
59.666666666666664,0
57.5,0
63.888888888888886,0
65.75,0
61.333333333333336,0
57.57142857142857,0
64.125,0
64.55555555555556,0
58.77777777777778,0
59.0,0
44.77777777777778,0
41.111111111111114,0
37.75,0
29.555555555555557,0
29.5,0
29.25,0
30.88888888888889,0
26.875,0
29.77777777777778,0
33.285714285714285,0
27.5,0
29.77777777777778,0
29.625,0
34.5,0
32.625,0
32.5,0
27.77777777777778,0
57.375,0
53.75,0
28.625,0
30.25,0
28.444444444444443,0
26.5,0
26.5,0
28.75,0
26.25,0
30.25,0
28.625,0
27.333333333333332,0
27.375,0
25.0,0
23.11111111111111,0
25.625,0
22.75,0
24.125,0
24.375,0
22.11111111111111,0
23.25,0
24.5,0
24.875,0
27.142857142857142,0
26.25,0
24.77777777777778,0
26.0,0
30.444444444444443,0
25.25,0
25.625,0
28.22222222222222,0
26.875,0
24.125,0
22.875,0
26.444444444444443,0
28.875,0
27.22222222222222,0
23.88888888888889,0
27.875,0
30.125,0
54.111111111111114,0
61.625,0
60.625,0
57.75,0
52.0,0
60.333333333333336,0
57.375,0
61.77777777777778,0
65.25,0
59.875,0
59.333333333333336,0
57.0,0
55.333333333333336,0
48.25,0
64.0,0
62.75,0
63.142857142857146,0
66.66666666666667,0
60.875,0
64.5,0
68.22222222222223,0
66.44444444444444,0
68.25,0
66.33333333333333,0
65.875,0
63.0,0
67.375,0
62.111111111111114,0
65.5,0
64.88888888888889,0
65.25,0
58.875,0
66.875,0
65.22222222222223,0
60.125,0
66.44444444444444,0
68.0,0
66.57142857142857,0
64.0,0
64.25,0
65.875,0
69.5,0
62.625,0
66.88888888888889,0
66.25,0
64.33333333333333,0
65.375,0
67.77777777777777,0
66.5,0
66.875,0
66.0,0
64.88888888888889,0
64.25,0
66.85714285714286,0
67.33333333333333,0
68.125,0
67.11111111111111,0
67.5,0
70.0,0
64.33333333333333,0
65.125,0
65.5,0
64.75,0
63.55555555555556,0
65.11111111111111,0
66.0,0
65.875,0
66.88888888888889,0
66.75,0
64.375,0
65.375,0
67.5,0
65.875,0
66.88888888888889,0
66.75,0
66.66666666666667,0
68.25,0
68.375,0
62.44444444444444,0
66.625,0
66.88888888888889,0
66.0,0
68.25,0
69.25,0
67.44444444444444,0
68.75,0
67.44444444444444,0
68.875,0
63.111111111111114,0
67.66666666666667,0
67.125,0
61.125,0
63.0,0
66.375,0
69.375,0
63.75,0
69.33333333333333,0
68.75,0
61.0,0
68.22222222222223,0
58.0,0
63.0,0
65.33333333333333,0
62.25,0
63.25,0
69.33333333333333,0
69.0,0
61.625,0
62.77777777777778,0
66.25,0
63.875,0
62.0,0
68.625,0
64.33333333333333,0
60.25,0
64.875,0
58.375,0
62.22222222222222,0
70.0,0
58.333333333333336,0
64.875,0
58.875,0
60.333333333333336,0
65.5,0
57.375,0
69.0,0
67.33333333333333,0
65.875,0
54.25,0
66.875,0
65.125,0
56.888888888888886,0
59.875,0
68.375,0
65.33333333333333,0
65.375,0
63.0,0
66.0,0
69.22222222222223,0
66.75,0
68.875,0
65.75,0
65.625,0
65.75,0
67.125,0
68.125,0
64.22222222222223,0
67.0,0
66.44444444444444,0
67.875,0
68.0,0
67.5,0
68.88888888888889,0
68.0,0
66.5,0
67.125,0
68.0,0
66.75,0
66.625,0
68.77777777777777,0
67.75,0
69.0,0
66.125,0
66.88888888888889,0
67.55555555555556,0
68.25,0
69.55555555555556,0
67.75,0
66.66666666666667,0
69.0,0
67.85714285714286,0
68.22222222222223,0
66.625,0
67.875,0
67.22222222222223,0
68.25,0
63.111111111111114,0
64.0,0
67.125,0
66.5,0
69.33333333333333,0
67.0,0
65.71428571428571,0
66.88888888888889,0
67.0,0
67.0,0
62.25,0
66.0,0
62.875,0
66.11111111111111,0
68.25,0
66.0,0
63.888888888888886,0
66.5,0
68.0,0
66.22222222222223,0
65.44444444444444,0
65.75,0
64.88888888888889,0
63.875,0
64.125,0
64.66666666666667,0
66.75,0
68.0,0
66.875,0
65.5,0
66.75,0
66.66666666666667,0
65.11111111111111,0
66.875,0
63.125,0
64.33333333333333,0
63.125,0
64.25,0
63.44444444444444,0
56.625,0
65.66666666666667,0
65.375,0
62.75,0
66.88888888888889,0
60.625,0
57.888888888888886,0
64.625,0
65.0,0
60.5,0
65.22222222222223,0
67.44444444444444,0
64.875,0
65.88888888888889,0
66.875,0
59.22222222222222,0
66.66666666666667,0
65.85714285714286,0
65.375,0
54.55555555555556,0
64.375,0
64.125,0
60.888888888888886,0
65.375,0
58.875,0
63.55555555555556,0
65.5,0
64.77777777777777,0
66.33333333333333,0
67.625,0
64.125,0
67.0,0
65.875,0
64.75,0
66.875,0
66.0,0
68.875,0
62.625,0
67.25,0
65.55555555555556,0
65.11111111111111,0
65.125,0
68.25,0
65.33333333333333,0
65.0,0
60.5,0
67.22222222222223,0
64.625,0
64.55555555555556,0
57.75,0
54.875,0
65.33333333333333,0
65.11111111111111,0
68.25,0
65.5,0
65.22222222222223,0
65.75,0
64.5,0
67.33333333333333,0
66.44444444444444,0
64.75,0
64.66666666666667,0
64.375,0
59.5,0
60.0,0
62.22222222222222,0
58.375,0
63.5,0
61.333333333333336,0
64.375,0
66.375,0
65.0,0
60.75,0
57.375,0
49.0,0
43.333333333333336,0
54.125,0
54.0,0
49.875,0
54.125,0
54.22222222222222,0
45.5,0
52.625,0
60.0,0
61.75,0
61.25,0
63.333333333333336,0
66.0,0
68.11111111111111,0
67.0,0
64.55555555555556,0
65.25,0
68.625,0
66.77777777777777,0
69.22222222222223,0
66.125,0
66.44444444444444,0
68.0,0
68.5,0
66.75,0
66.77777777777777,0
63.0,0
66.44444444444444,0
66.875,0
68.44444444444444,0
65.875,0
68.5,0
66.875,0
66.875,0
67.125,0
68.66666666666667,0
66.875,0
68.0,0
67.22222222222223,0
69.125,0
64.5,0
66.0,0
67.0,0
69.0,0
67.11111111111111,0
67.375,0
67.22222222222223,0
67.77777777777777,0
68.125,0
66.0,0
69.33333333333333,0
70.0,0
68.55555555555556,0
65.625,0
68.875,0
64.625,0
68.625,0
69.0,0
67.875,0
69.77777777777777,0
68.0,0
69.5,0
67.88888888888889,0
68.75,0
64.375,0
63.375,0
69.88888888888889,0
62.875,0
69.25,0
67.875,0
65.77777777777777,0
66.625,0
68.44444444444444,0
68.625,0
67.75,0
67.22222222222223,0
67.75,0
70.0,0
65.44444444444444,0
68.25,0
0.0,0
0.0,0
0.0,0
0.0,0
0.0,0
0.0,0
0.0,0
0.0,0
0.0,0
0.0,0
0.0,0
0.0,0
69.55555555555556,0
61.75,0
68.875,0
67.625,0
66.25,0
69.0,0
69.625,0
66.55555555555556,0
67.375,0
57.25,0
52.75,0
60.22222222222222,0
66.0,0
55.5,0
66.125,0
68.0,0
65.77777777777777,0
66.875,0
68.44444444444444,0
66.75,0
68.44444444444444,0
63.25,0
66.0,0
63.125,0
60.111111111111114,0
68.625,0
67.88888888888889,0
65.75,0
64.22222222222223,0
69.625,0
61.5,0
66.75,0
69.375,0
65.55555555555556,0
68.25,0
65.5,0
66.375,0
65.44444444444444,0
61.25,0
68.25,0
63.375,0
61.111111111111114,0
62.5,0
66.875,0
69.0,0
68.25,0
67.875,0
67.11111111111111,0
67.5,0
67.75,0
67.625,0
62.75,0
65.33333333333333,0
69.0,0
68.66666666666667,0
59.5,0
66.77777777777777,0
69.28571428571429,0
67.0,0
67.5,0
68.11111111111111,0
69.44444444444444,0
69.25,0
67.25,0
68.5,0
68.5,0
68.11111111111111,0
68.375,0
69.77777777777777,0
69.5,0
67.77777777777777,0
68.88888888888889,0
69.625,0
68.625,0
69.0,0
68.88888888888889,0
67.0,0
70.0,0
69.875,0
70.0,0
69.25,0
69.88888888888889,0
69.0,0
59.875,0
70.0,0
69.66666666666667,0
69.77777777777777,0
67.88888888888889,0
68.625,0
70.0,0
68.77777777777777,0
70.0,0
68.75,0
62.25,0
69.11111111111111,0
69.0,0
68.33333333333333,0
68.66666666666667,0
68.875,0
67.75,0
69.375,0
69.66666666666667,0
69.5,0
67.77777777777777,0
68.125,0
60.75,0
63.375,0
68.88888888888889,0
66.625,0
67.375,0
67.77777777777777,0
67.25,0
68.55555555555556,0
68.875,0
59.22222222222222,0
68.88888888888889,0
67.25,0
68.125,0
67.0,0
68.0,0
69.25,0
67.55555555555556,0
66.5,0
65.77777777777777,0
68.375,0
66.625,0
68.0,0
68.5,0
66.75,0
60.333333333333336,0
68.75,0
68.0,0
67.25,0
67.0,0
68.375,0
69.25,0
67.625,0
67.125,0
67.66666666666667,0
67.25,0
69.125,0
68.66666666666667,0
68.5,0
68.625,0
65.75,0
66.66666666666667,0
68.75,0
66.22222222222223,0
68.75,0
67.875,0
67.22222222222223,0
67.25,0
67.25,0
68.77777777777777,0
67.875,0
68.44444444444444,0
68.5,0
68.125,0
66.375,0
68.5,0
68.0,0
68.5,0
67.33333333333333,0
68.0,0
68.375,0
68.22222222222223,0
67.88888888888889,0
69.25,0
69.25,0
67.375,0
67.66666666666667,0
67.625,0
69.44444444444444,0
67.75,0
69.0,0
68.55555555555556,0
67.25,0
69.77777777777777,0
68.375,0
68.0,0
68.88888888888889,0
65.5,0
67.125,0
68.5,0
68.75,0
62.5,0
68.22222222222223,0
69.375,0
65.44444444444444,0
69.125,0
63.875,0
69.75,0
68.66666666666667,0
67.5,0
68.77777777777777,0
67.75,0
66.0,0
68.11111111111111,0
65.33333333333333,0
66.0,0
62.333333333333336,0
66.375,0
68.75,0
68.77777777777777,0
65.44444444444444,0
66.75,0
67.75,0
66.25,0
65.125,0
68.625,0
66.625,0
67.0,0
68.625,0
68.25,0
64.625,0
66.55555555555556,0
68.625,0
69.125,0
67.22222222222223,0
67.85714285714286,0
69.0,0
69.75,0
66.66666666666667,0
67.125,0
68.0,0
69.375,0
69.11111111111111,0
59.857142857142854,0
68.0,0
65.33333333333333,0
67.33333333333333,0
66.625,0
68.77777777777777,0
68.375,0
68.75,0
66.875,0
63.625,0
69.22222222222223,0
69.44444444444444,0
70.0,0
67.55555555555556,0
68.55555555555556,0
69.0,0
64.22222222222223,0
69.375,0
64.44444444444444,0
66.125,0
68.125,0
66.0,0
69.66666666666667,0
69.875,0
67.44444444444444,0
66.375,0
67.5,0
69.0,0
67.25,0
68.88888888888889,0
69.25,0
68.66666666666667,0
68.75,0
67.0,0
63.875,0
62.875,0
66.5,0
69.55555555555556,0
69.75,0
64.0,0
63.333333333333336,0
66.125,0
64.22222222222223,0
68.125,0
68.11111111111111,0
69.125,0
59.111111111111114,0
67.25,0
66.77777777777777,0
64.0,0
67.875,0
64.77777777777777,0
68.11111111111111,0
70.0,0
62.666666666666664,0
66.0,0
62.0,0
65.75,0
69.55555555555556,0
69.125,0
66.0,0
65.75,0
61.22222222222222,0
64.75,0
61.77777777777778,0
68.44444444444444,0
70.0,0
67.125,0
66.875,0
58.625,0
67.55555555555556,0
63.0,0
65.66666666666667,0
68.8,0
61.125,0
58.875,0
66.88888888888889,0
61.44444444444444,0
67.75,0
67.25,0
64.5,0
56.625,0
63.888888888888886,0
69.0,0
62.125,0
62.5,0
63.5,0
64.33333333333333,0
68.875,0
63.333333333333336,0
64.875,0
66.88888888888889,0
64.875,0
65.375,0
60.0,0
62.888888888888886,0
66.625,0
65.22222222222223,0
63.875,0
66.44444444444444,0
64.11111111111111,0
63.25,0
68.25,0
63.666666666666664,0
65.875,0
61.75,0
67.88888888888889,0
61.875,0
59.333333333333336,0
67.625,0
64.88888888888889,0
66.88888888888889,0
66.625,0
66.5,0
65.55555555555556,0
64.11111111111111,0
63.75,0
66.88888888888889,0
62.125,0
61.888888888888886,0
61.0,0
64.25,0
63.75,0
61.25,0
64.125,0
65.625,0
63.875,0
61.75,0
65.0,0
62.77777777777778,0
65.75,0
64.0,0
66.75,0
64.75,0
62.0,0
63.333333333333336,0
65.125,0
67.125,0
64.44444444444444,0
63.625,0
62.125,0
66.875,0
66.77777777777777,0
65.33333333333333,0
60.111111111111114,0
64.11111111111111,0
65.11111111111111,0
61.0,0
64.25,0
67.11111111111111,0
64.0,0
65.66666666666667,0
67.0,0
68.5,0
62.888888888888886,0
66.625,0
64.625,0
65.22222222222223,0
62.75,0
65.75,0
66.5,0
65.66666666666667,0
63.375,0
64.5,0
63.888888888888886,0
62.0,0
62.5,0
61.625,0
66.88888888888889,0
64.44444444444444,0
67.625,0
60.22222222222222,0
60.625,0
63.0,0
63.25,0
64.625,0
63.125,0
62.22222222222222,0
66.375,0
67.25,0
62.111111111111114,0
62.5,0
65.66666666666667,0
66.125,0
62.111111111111114,0
62.0,0
64.88888888888889,0
65.625,0
66.125,0
64.75,0
63.666666666666664,0
61.0,0
63.625,0
65.875,0
68.125,0
62.75,0
0.0,0
60.5,0
60.0,0
63.875,0
60.125,0
59.888888888888886,0
63.333333333333336,0
62.0,0
59.75,0
57.5,0
62.55555555555556,0
63.77777777777778,0
61.875,0
63.5,0
62.0,0
61.77777777777778,0
61.25,0
54.75,0
46.625,0
29.875,0
27.375,0
32.0,0
31.11111111111111,0
33.125,0
26.666666666666668,0
32.25,0
34.0,0
63.25,0
65.25,0
59.55555555555556,0
23.875,0
27.5,0
26.0,0
29.625,0
30.5,0
28.22222222222222,0
26.375,0
31.0,0
0.0,0
0.0,0
26.25,0
24.875,0
22.75,0
27.666666666666668,0
36.875,0
62.5,0
66.875,0
29.88888888888889,0
28.5,0
25.11111111111111,0
25.25,0
26.25,0
28.0,0
30.22222222222222,0
25.0,0
28.0,0
26.75,0
42.875,0
63.44444444444444,0
67.25,0
64.75,0
65.625,0
65.0,0
63.375,0
64.5,0
62.111111111111114,0
65.0,0
67.75,0
64.75,0
65.75,0
63.44444444444444,0
67.25,0
65.11111111111111,0
64.375,0
66.5,0
63.125,0
63.0,0
66.875,0
62.333333333333336,0
68.25,0
65.25,0
68.25,0
65.375,0
66.5,0
67.55555555555556,0
65.75,0
68.0,0
64.88888888888889,0
65.375,0
65.875,0
63.666666666666664,0
67.0,0
64.66666666666667,0
65.875,0
65.44444444444444,0
66.625,0
64.625,0
63.875,0
68.11111111111111,0
66.75,0
64.75,0
69.77777777777777,0
66.375,0
66.77777777777777,0
64.625,0
66.11111111111111,0
65.375,0
67.875,0
67.0,0
62.75,0
65.44444444444444,0
66.375,0
55.55555555555556,0
67.25,0
67.0,0
63.125,0
64.375,0
66.33333333333333,0
65.125,0
69.22222222222223,0
68.625,0
57.666666666666664,0
64.44444444444444,0
65.625,0
65.125,0
52.625,0
57.125,0
63.333333333333336,0
63.333333333333336,0
65.125,0
58.25,0
60.666666666666664,0
65.55555555555556,0
67.88888888888889,0
57.714285714285715,0
56.0,0
52.75,0
53.888888888888886,0
58.875,0
61.125,0
62.125,0
62.77777777777778,0
67.66666666666667,0
57.142857142857146,0
66.22222222222223,0
60.875,0
61.0,0
61.375,0
58.666666666666664,0
67.33333333333333,0
67.75,0
61.0,0
59.375,0
57.333333333333336,0
68.25,0
51.125,0
40.0,0
67.75,0
60.0,0
63.77777777777778,0
60.55555555555556,0
58.0,0
66.75,0
69.33333333333333,0
66.125,0
58.0,0
54.75,0
65.11111111111111,0
47.625,0
48.625,0
48.44444444444444,0
41.375,0
49.25,0
43.875,0
49.0,0
64.0,0
59.55555555555556,0
50.75,0
56.25,0
62.666666666666664,0
62.0,0
58.375,0
55.0,0
62.5,0
57.375,0
60.44444444444444,0
68.875,0
59.75,0
60.125,0
66.0,0
66.5,0
64.85714285714286,0
64.11111111111111,0
64.375,0
63.375,0
65.11111111111111,0
66.25,0
64.375,0
67.125,0
66.44444444444444,0
67.57142857142857,0
66.55555555555556,0
66.0,0
64.625,0
66.88888888888889,0
65.875,0
65.125,0
64.77777777777777,0
64.375,0
58.42857142857143,0
47.44444444444444,0
51.125,0
34.666666666666664,0
38.5,0
38.77777777777778,0
35.25,0
49.55555555555556,0
61.5,0
65.22222222222223,0
63.625,0
59.25,0
64.625,0
49.25,0
64.625,0
64.0,0
61.875,0
64.11111111111111,0
65.625,0
59.375,0
54.77777777777778,0
64.625,0
63.0,0
63.625,0
64.33333333333333,0
64.625,0
62.0,0
65.0,0
62.125,0
63.44444444444444,0
67.5,0
67.25,0
64.77777777777777,0
65.125,0
64.25,0
64.44444444444444,0
64.11111111111111,0
65.75,0
65.55555555555556,0
62.75,0
62.42857142857143,0
57.75,0
65.33333333333333,0
66.0,0
64.5,0
66.875,0
64.55555555555556,0
67.5,0
65.625,0
64.5,0
62.77777777777778,0
63.875,0
64.44444444444444,0
66.625,0
63.875,0
63.0,0
66.75,0
65.125,0
58.44444444444444,0
64.55555555555556,0
65.25,0
56.75,0
66.5,0
67.25,0
63.75,0
62.888888888888886,0
65.125,0
63.0,0
63.55555555555556,0
61.875,0
64.11111111111111,0
65.0,0
64.44444444444444,0
65.375,0
64.75,0
65.44444444444444,0
63.875,0
63.22222222222222,0
65.5,0
63.625,0
63.666666666666664,0
55.5,0
63.125,0
62.22222222222222,0
57.375,0
63.22222222222222,0
63.875,0
63.77777777777778,0
64.0,0
62.25,0
55.666666666666664,0
64.0,0
63.75,0
58.0,0
62.55555555555556,0
63.0,0
54.888888888888886,0
54.875,0
27.77777777777778,0
29.77777777777778,0
28.625,0
41.25,0
62.111111111111114,0
30.5,0
31.666666666666668,0
32.25,0
33.625,0
32.625,0
31.125,0
31.444444444444443,0
28.75,0
25.125,0
27.11111111111111,0
26.75,0
26.77777777777778,0
27.875,0
19.5,0
24.125,0
26.25,0
28.11111111111111,0
27.25,0
27.5,0
24.555555555555557,0
28.5,0
30.22222222222222,0
28.25,0
30.0,0
27.555555555555557,0
30.5,0
27.333333333333332,0
27.0,0
25.77777777777778,0
25.125,0
28.0,0
31.11111111111111,0
33.0,0
25.88888888888889,0
56.625,0
67.25,0
67.75,0
67.625,0
67.5,0
61.625,0
59.888888888888886,0
60.875,0
64.625,0
65.5,0
67.77777777777777,0
68.375,0
65.5,0
62.125,0
65.625,0
67.11111111111111,0
65.33333333333333,0
67.44444444444444,0
64.75,0
67.55555555555556,0
67.375,0
67.25,0
67.25,0
68.75,0
66.5,0
66.75,0
65.88888888888889,0
66.11111111111111,0
67.0,0
68.11111111111111,0
64.375,0
65.375,0
67.66666666666667,0
67.875,0
66.66666666666667,0
68.625,0
68.66666666666667,0
66.0,0
67.375,0
65.75,0
67.125,0
68.0,0
66.0,0
66.11111111111111,0
68.75,0
66.88888888888889,0
69.42857142857143,0
66.11111111111111,0
65.625,0
67.0,0
69.125,0
66.77777777777777,0
67.11111111111111,0
64.77777777777777,0
66.5,0
65.75,0
65.375,0
66.5,0
69.0,0
66.71428571428571,0
66.66666666666667,0
68.88888888888889,0
65.75,0
65.22222222222223,0
66.25,0
63.875,0
66.55555555555556,0
67.25,0
67.0,0
64.33333333333333,0
65.375,0
65.25,0
59.5,0
66.0,0
58.125,0
69.125,0
63.77777777777778,0
68.625,0
67.25,0
67.66666666666667,0
62.875,0
67.14285714285714,0
64.0,0
62.875,0
64.125,0
66.11111111111111,0
63.0,0
62.875,0
61.55555555555556,0
63.375,0
63.375,0
64.66666666666667,0
65.875,0
62.375,0
64.875,0
62.5,0
65.25,0
56.22222222222222,0
59.666666666666664,0
64.5,0
65.625,0
51.75,0
61.333333333333336,0
67.0,0
67.375,0
64.75,0
63.625,0
61.8,0
61.625,0
63.888888888888886,0
58.5,0
63.111111111111114,0
60.0,0
63.111111111111114,0
60.5,0
54.666666666666664,0
62.75,0
65.25,0
66.5,0
57.0,0
62.375,0
66.125,0
56.0,0
68.55555555555556,0
61.666666666666664,0
62.25,0
65.125,0
64.11111111111111,0
63.875,0
61.333333333333336,0
62.5,0
63.75,0
61.666666666666664,0
63.0,0
65.44444444444444,0
65.625,0
63.0,0
66.33333333333333,0
66.5,0
68.5,0
67.375,0
65.22222222222223,0
69.25,0
67.11111111111111,0
67.875,0
67.77777777777777,0
66.125,0
64.33333333333333,0
65.625,0
65.25,0
64.22222222222223,0
59.5,0
50.75,0
34.55555555555556,0
36.0,0
41.111111111111114,0
61.375,0
61.5,0
63.888888888888886,0
59.77777777777778,0
47.0,0
61.625,0
62.5,0
62.111111111111114,0
64.5,0
60.888888888888886,0
63.75,0
64.11111111111111,0
66.66666666666667,0
58.55555555555556,0
54.42857142857143,0
65.375,0
62.75,0
63.25,0
62.125,0
61.5,0
60.111111111111114,0
52.5,0
47.875,0
51.125,0
55.22222222222222,0
64.375,0
60.625,0
62.5,0
62.875,0
62.44444444444444,0
62.125,0
58.75,0
57.25,0
55.5,0
61.375,0
56.44444444444444,0
49.375,0
62.0,0
63.5,0
60.888888888888886,0
64.0,0
64.55555555555556,0
65.125,0
65.625,0
62.625,0
61.333333333333336,0
62.25,0
56.5,0
64.33333333333333,0
58.5,0
63.75,0
64.25,0
62.75,0
67.88888888888889,0
64.25,0
65.25,0
63.0,0
63.625,0
63.0,0
61.55555555555556,0
63.5,0
65.55555555555556,0
62.875,0
67.55555555555556,0
63.375,0
61.625,0
67.875,0
66.11111111111111,0
62.0,0
63.625,0
63.111111111111114,0
65.0,0
65.42857142857143,0
64.88888888888889,0
65.0,0
67.14285714285714,0
62.77777777777778,0
63.625,0
63.625,0
50.0,0
31.5,0
26.666666666666668,0
31.5,0
63.111111111111114,0
67.875,0
66.66666666666667,0
64.75,0
65.875,0
63.0,0
37.5,0
32.125,0
30.875,0
28.25,0
28.875,0
23.555555555555557,0
28.625,0
30.25,0
25.5,0
25.77777777777778,0
27.125,0
26.125,0
28.0,0
30.875,0
29.125,0
26.11111111111111,0
28.5,0
29.555555555555557,0
31.75,0
29.25,0
27.875,0
25.22222222222222,0
23.875,0
23.375,0
24.666666666666668,0
27.375,0
24.88888888888889,0
26.25,0
26.0,0
27.875,0
27.875,0
25.444444444444443,0
22.375,0
25.77777777777778,0
25.142857142857142,0
22.11111111111111,0
21.75,0
25.25,0
23.125,0
24.875,0
27.0,0
28.77777777777778,0
25.625,0
25.555555555555557,0
26.25,0
24.25,0
26.625,0
37.22222222222222,0
64.25,0
64.77777777777777,0
63.875,0
63.77777777777778,0
62.375,0
64.5,0
65.5,0
65.0,0
67.44444444444444,0
57.0,0
65.75,0
65.22222222222223,0
65.75,0
65.66666666666667,0
67.77777777777777,0
67.375,0
66.625,0
65.44444444444444,0
68.375,0
68.625,0
66.77777777777777,0
66.75,0
67.875,0
66.33333333333333,0
67.5,0
67.375,0
68.375,0
67.875,0
67.55555555555556,0
64.625,0
67.88888888888889,0
66.0,0
66.66666666666667,0
66.66666666666667,0
67.75,0
64.125,0
68.0,0
68.5,0
68.25,0
68.22222222222223,0
65.11111111111111,0
65.85714285714286,0
68.22222222222223,0
64.625,0
65.22222222222223,0
68.125,0
65.5,0
69.22222222222223,0
65.25,0
66.55555555555556,0
64.5,0
67.33333333333333,0
64.375,0
66.5,0
67.875,0
65.25,0
66.88888888888889,0
68.875,0
62.625,0
66.0,0
66.375,0
65.44444444444444,0
68.5,0
65.11111111111111,0
63.111111111111114,0
66.375,0
66.55555555555556,0
63.125,0
68.625,0
65.5,0
69.0,0
65.875,0
63.625,0
59.125,0
63.44444444444444,0
69.125,0
66.77777777777777,0
65.125,0
61.888888888888886,0
61.75,0
68.55555555555556,0
58.375,0
64.55555555555556,0
64.0,0
67.0,0
69.125,0
53.0,0
62.111111111111114,0
68.0,0
63.111111111111114,0
61.75,0
67.25,0
64.0,0
65.55555555555556,0
53.875,0
51.77777777777778,0
57.0,0
63.333333333333336,0
58.875,0
61.0,0
57.22222222222222,0
65.875,0
62.0,0
63.75,0
68.25,0
64.625,0
63.888888888888886,0
60.0,0
57.875,0
60.333333333333336,0
57.0,0
66.0,0
65.0,0
67.0,0
60.888888888888886,0
67.0,0
68.11111111111111,0
64.125,0
63.44444444444444,0
68.75,0
61.75,0
66.22222222222223,0
62.125,0
63.0,0
67.55555555555556,0
63.125,0
65.77777777777777,0
62.875,0
63.333333333333336,0
63.75,0
67.22222222222223,0
67.875,0
65.11111111111111,0
67.875,0
62.75,0
65.875,0
64.375,0
67.22222222222223,0
66.0,0
67.125,0
64.625,0
65.75,0
65.25,0
66.22222222222223,0
61.375,0
64.11111111111111,0
55.0,0
36.77777777777778,0
30.25,0
33.375,0
30.555555555555557,0
28.75,0
59.875,0
62.625,0
65.25,0
65.0,0
56.0,0
32.333333333333336,0
29.75,0
30.5,0
33.875,0
30.11111111111111,0
33.77777777777778,0
32.875,0
52.625,0
64.875,0
67.22222222222223,0
64.75,0
64.22222222222223,0
66.25,0
65.375,0
65.625,0
64.0,0
65.75,0
65.22222222222223,0
64.14285714285714,0
65.33333333333333,0
64.875,0
63.875,0
65.55555555555556,0
64.375,0
66.77777777777777,0
62.625,0
64.66666666666667,0
64.875,0
65.77777777777777,0
64.75,0
63.25,0
66.25,0
65.55555555555556,0
66.625,0
62.55555555555556,0
66.625,0
65.25,0
64.33333333333333,0
64.5,0
66.0,0
63.375,0
65.33333333333333,0
63.888888888888886,0
66.0,0
64.5,0
62.875,0
67.44444444444444,0
61.75,0
62.75,0
63.22222222222222,0
63.5,0
63.333333333333336,0
62.42857142857143,0
66.11111111111111,0
66.375,0
60.875,0
64.11111111111111,0
64.88888888888889,0
64.125,0
64.88888888888889,0
64.85714285714286,0
62.55555555555556,0
65.125,0
62.0,0
66.0,0
66.0,0
0.0,0
62.8,0
63.44444444444444,0
65.25,0
59.111111111111114,0
58.77777777777778,0
61.875,0
65.88888888888889,0
65.5,0
62.333333333333336,0
46.44444444444444,0
61.42857142857143,0
59.125,0
59.333333333333336,0
60.125,0
55.888888888888886,0
43.75,0
37.375,0
41.875,0
33.888888888888886,0
32.125,0
31.88888888888889,0
30.75,0
31.5,0
27.5,0
28.375,0
26.11111111111111,0
28.375,0
33.44444444444444,0
26.75,0
23.666666666666668,0
27.11111111111111,0
30.75,0
30.625,0
28.75,0
25.444444444444443,0
29.0,0
25.555555555555557,0
27.125,0
25.444444444444443,0
26.75,0
27.0,0
26.11111111111111,0
22.125,0
26.625,0
20.75,0
26.75,0
26.11111111111111,0
27.25,0
27.666666666666668,0
25.875,0
28.88888888888889,0
27.75,0
26.555555555555557,0
25.0,0
27.75,0
29.0,0
27.11111111111111,0
29.125,0
27.25,0
28.625,0
31.375,0
25.75,0
24.11111111111111,0
27.125,0
24.555555555555557,0
26.0,0
40.75,0
50.55555555555556,0
60.714285714285715,0
64.0,0
63.875,0
64.77777777777777,0
64.625,0
63.875,0
64.375,0
65.875,0
64.88888888888889,0
68.0,0
66.125,0
65.88888888888889,0
65.5,0
66.0,0
65.88888888888889,0
67.125,0
65.66666666666667,0
67.75,0
65.88888888888889,0
68.125,0
67.375,0
67.0,0
66.875,0
67.125,0
66.66666666666667,0
66.22222222222223,0
66.125,0
67.44444444444444,0
66.125,0
67.75,0
68.55555555555556,0
66.5,0
60.666666666666664,0
68.625,0
69.11111111111111,0
65.25,0
67.0,0
66.66666666666667,0
67.25,0
64.66666666666667,0
65.5,0
66.875,0
63.125,0
68.125,0
67.5,0
66.75,0
60.125,0
65.55555555555556,0
67.625,0
68.77777777777777,0
65.875,0
65.5,0
66.44444444444444,0
64.875,0
63.625,0
65.125,0
64.55555555555556,0
69.0,0
67.0,0
66.625,0
59.75,0
68.625,0
65.625,0
61.666666666666664,0
66.55555555555556,0
57.375,0
68.125,0
67.0,0
62.5,0
59.75,0
53.55555555555556,0
60.0,0
64.66666666666667,0
64.125,0
62.5,0
62.77777777777778,0
68.375,0
68.25,0
66.88888888888889,0
68.625,0
62.0,0
68.25,0
65.77777777777777,0
62.5,0
58.875,0
66.22222222222223,0
68.33333333333333,0
60.5,0
58.55555555555556,0
61.77777777777778,0
62.25,0
63.333333333333336,0
66.875,0
67.125,0
61.44444444444444,0
62.75,0
54.0,0
61.22222222222222,0
63.4,0
67.0,0
58.44444444444444,0
61.0,0
64.11111111111111,0
65.55555555555556,0
60.333333333333336,0
62.25,0
63.0,0
66.0,0
60.888888888888886,0
60.55555555555556,0
67.11111111111111,0
59.0,0
61.5,0
59.666666666666664,0
62.111111111111114,0
60.0,0
58.0,0
65.44444444444444,0
61.375,0
64.22222222222223,0
62.666666666666664,0
65.0,0
65.11111111111111,0
60.44444444444444,0
62.44444444444444,0
65.55555555555556,0
64.44444444444444,0
65.55555555555556,0
65.55555555555556,0
65.33333333333333,0
64.0,0
66.77777777777777,0
62.75,0
65.66666666666667,0
65.88888888888889,0
66.11111111111111,0
61.55555555555556,0
65.22222222222223,0
65.0,0
64.66666666666667,0
65.88888888888889,0
64.5,0
54.888888888888886,0
56.22222222222222,0
59.111111111111114,0
58.666666666666664,0
49.333333333333336,0
58.888888888888886,0
62.0,0
60.0,0
62.44444444444444,0
61.22222222222222,0
59.25,0
52.375,0
57.333333333333336,0
63.4,0
63.0,0
61.25,0
60.111111111111114,0
62.333333333333336,0
65.11111111111111,0
62.1,0
62.625,0
63.111111111111114,0
65.22222222222223,0
64.22222222222223,0
63.0,0
63.666666666666664,0
62.22222222222222,0
65.5,0
64.44444444444444,0
65.77777777777777,0
66.11111111111111,0
62.55555555555556,0
65.66666666666667,0
63.77777777777778,0
63.55555555555556,0
65.77777777777777,0
64.75,0
64.0,0
66.0,0
63.888888888888886,0
66.33333333333333,0
64.0,0
66.11111111111111,0
64.44444444444444,0
63.55555555555556,0
64.11111111111111,0
65.0,0
63.44444444444444,0
62.0,0
58.0,0
63.44444444444444,0
60.875,0
65.22222222222223,0
59.0,0
63.0,0
65.0,0
61.75,0
64.22222222222223,0
62.375,0
65.33333333333333,0
61.77777777777778,0
62.375,0
62.77777777777778,0
64.375,0
63.375,0
64.875,0
63.5,0
62.111111111111114,0
61.25,0
64.11111111111111,0
64.375,0
61.44444444444444,0
60.125,0
63.625,0
65.625,0
64.22222222222223,0
60.375,0
63.375,0
63.875,0
65.66666666666667,0
62.125,0
63.375,0
61.75,0
46.375,0
36.888888888888886,0
54.25,0
56.0,0
57.666666666666664,0
61.0,0
47.77777777777778,0
39.857142857142854,0
31.77777777777778,0
39.25,0
40.0,0
32.111111111111114,0
29.125,0
31.375,0
31.11111111111111,0
37.625,0
30.571428571428573,0
24.666666666666668,0
30.5,0
27.0,0
24.0,0
28.22222222222222,0
28.77777777777778,0
30.857142857142858,0
28.666666666666668,0
29.375,0
33.5,0
32.375,0
28.444444444444443,0
29.5,0
31.5,0
30.666666666666668,0
31.875,0
27.88888888888889,0
29.5,0
28.25,0
27.666666666666668,0
26.875,0
28.375,0
27.75,0
33.625,0
33.5,0
31.625,0
30.22222222222222,0
31.25,0
26.285714285714285,0
28.666666666666668,0
25.5,0
24.444444444444443,0
33.55555555555556,0
27.125,0
29.0,0
28.375,0
31.75,0
39.125,0
43.55555555555556,0
62.875,0
67.44444444444444,0
63.22222222222222,0
47.375,0
32.77777777777778,0
34.0,0
36.888888888888886,0
42.625,0
45.0,0
51.125,0
63.625,0
63.875,0
65.55555555555556,0
67.75,0
63.375,0
67.375,0
65.77777777777777,0
67.125,0
64.11111111111111,0
66.75,0
65.375,0
65.375,0
68.44444444444444,0
57.857142857142854,0
67.33333333333333,0
66.22222222222223,0
66.5,0
64.25,0
66.44444444444444,0
65.625,0
65.88888888888889,0
65.22222222222223,0
62.125,0
66.11111111111111,0
63.142857142857146,0
67.77777777777777,0
65.625,0
68.0,0
63.125,0
64.625,0
66.0,0
64.66666666666667,0
67.0,0
59.0,0
67.5,0
68.875,0
67.625,0
66.25,0
64.88888888888889,0
64.75,0
64.5,0
66.44444444444444,0
69.22222222222223,0
68.0,0
68.5,0
67.66666666666667,0
69.125,0
68.55555555555556,0
68.875,0
65.125,0
65.625,0
64.66666666666667,0
66.625,0
69.375,0
67.33333333333333,0
69.0,0
68.625,0
68.0,0
68.375,0
66.11111111111111,0
68.5,0
59.55555555555556,0
65.25,0
68.33333333333333,0
68.25,0
67.5,0
69.125,0
69.11111111111111,0
69.25,0
69.22222222222223,0
69.66666666666667,0
68.375,0
67.375,0
67.25,0
62.333333333333336,0
67.875,0
67.0,0
65.77777777777777,0
67.25,0
66.0,0
67.125,0
68.77777777777777,0
67.75,0
57.111111111111114,0
67.375,0
61.5,0
64.0,0
66.22222222222223,0
53.5,0
64.875,0
68.0,0
63.5,0
61.75,0
67.66666666666667,0
66.0,0
69.0,0
60.25,0
62.888888888888886,0
62.0,0
61.875,0
66.875,0
66.5,0
66.33333333333333,0
55.0,0
64.55555555555556,0
58.44444444444444,0
60.75,0
64.625,0
63.625,0
64.5,0
66.375,0
57.22222222222222,0
64.75,0
68.75,0
62.5,0
57.55555555555556,0
64.375,0
64.625,0
62.0,0
60.77777777777778,0
57.25,0
59.625,0
54.625,0
58.888888888888886,0
62.25,0
60.111111111111114,0
56.125,0
63.125,0
61.0,0
66.0,0
65.0,0
67.125,0
65.66666666666667,0
64.5,0
66.77777777777777,0
65.11111111111111,0
66.75,0
62.625,0
66.5,0
68.0,0
66.125,0
67.125,0
65.77777777777777,0
65.0,0
65.0,0
58.875,0
63.375,0
59.0,0
58.875,0
57.625,0
60.77777777777778,0
59.55555555555556,0
60.625,0
60.55555555555556,0
62.25,0
60.875,0
60.333333333333336,0
60.5,0
62.375,0
61.111111111111114,0
58.75,0
63.333333333333336,0
59.75,0
55.55555555555556,0
57.42857142857143,0
56.888888888888886,0
55.75,0
56.125,0
57.77777777777778,0
54.25,0
52.5,0
51.5,0
55.22222222222222,0
57.875,0
56.875,0
58.55555555555556,0
51.875,0
61.25,0
58.44444444444444,0
56.25,0
59.888888888888886,0
59.5,0
61.77777777777778,0
58.75,0
55.625,0
55.111111111111114,0
52.0,0
56.875,0
58.75,0
56.0,0
49.666666666666664,0
57.75,0
59.25,0
56.75,0
34.666666666666664,0
27.5,0
22.875,0
28.0,0
18.666666666666668,0
46.875,0
57.333333333333336,0
39.875,0
48.55555555555556,0
59.0,0
61.75,0
60.888888888888886,0
61.375,0
61.25,0
54.375,0
64.44444444444444,0
63.0,0
62.25,0
59.888888888888886,0
66.5,0
67.57142857142857,0
68.5,0
67.0,0
66.0,0
65.66666666666667,0
64.11111111111111,0
55.875,0
63.0,0
62.55555555555556,0
64.625,0
63.25,0
57.55555555555556,0
66.25,0
65.25,0
67.75,0
68.66666666666667,0
66.875,0
69.375,0
67.88888888888889,0
67.33333333333333,0
68.25,0
67.22222222222223,0
68.625,0
60.25,0
67.25,0
69.0,0
67.77777777777777,0
67.88888888888889,0
68.125,0
67.66666666666667,0
69.25,0
69.22222222222223,0
68.33333333333333,0
68.875,0
69.875,0
69.25,0
69.0,0
67.75,0
68.77777777777777,0
68.0,0
68.0,0
66.375,0
69.0,0
69.33333333333333,0
69.75,0
69.0,0
67.5,0
68.875,0
69.0,0
68.22222222222223,0
68.125,0
68.0,0
70.0,0
67.875,0
69.0,0
66.88888888888889,0
69.125,0
68.44444444444444,0
69.0,0
68.375,0
68.33333333333333,0
68.77777777777777,0
67.25,0
60.125,0
66.66666666666667,0
64.5,0
65.75,0
59.666666666666664,0
57.625,0
63.111111111111114,0
66.125,0
62.44444444444444,0
62.5,0
57.625,0
60.111111111111114,0
62.375,0
61.25,0
61.22222222222222,0
66.11111111111111,0
68.25,0
64.75,0
66.22222222222223,0
56.142857142857146,0
64.77777777777777,0
68.25,0
65.66666666666667,0
66.5,0
65.66666666666667,0
67.125,0
63.888888888888886,0
65.5,0
63.0,0
65.0,0
63.25,0
66.88888888888889,0
67.25,0
67.75,0
66.66666666666667,0
68.0,0
67.125,0
67.625,0
63.22222222222222,0
62.625,0
65.25,0
65.88888888888889,0
67.875,0
66.25,0
67.25,0
66.22222222222223,0
65.75,0
66.11111111111111,0
67.5,0
65.77777777777777,0
66.625,0
62.75,0
66.55555555555556,0
62.625,0
64.625,0
64.375,0
65.5,0
65.77777777777777,0
65.25,0
66.0,0
67.0,0
66.88888888888889,0
67.875,0
65.88888888888889,0
68.75,0
63.25,0
67.75,0
66.22222222222223,0
66.875,0
67.125,0
66.5,0
65.625,0
67.11111111111111,0
68.625,0
65.125,0
66.44444444444444,0
66.625,0
69.5,0
68.75,0
66.875,0
67.33333333333333,0
68.75,0
66.22222222222223,0
68.14285714285714,0
68.88888888888889,0
68.44444444444444,0
67.71428571428571,0
68.625,0
66.22222222222223,0
67.0,0
67.625,0
68.22222222222223,0
68.875,0
67.625,0
68.0,0
66.33333333333333,0
62.5,0
68.0,0
65.25,0
67.42857142857143,0
65.125,0
62.5,0
69.11111111111111,0
65.0,0
66.125,0
68.375,0
64.6,0
63.666666666666664,0
66.0,0
68.11111111111111,0
68.77777777777777,0
64.0,0
64.44444444444444,0
65.125,0
68.11111111111111,0
59.55555555555556,0
61.0,0
64.55555555555556,0
65.875,0
66.66666666666667,0
63.55555555555556,0
66.88888888888889,0
65.55555555555556,0
68.77777777777777,0
69.22222222222223,0
64.88888888888889,0
64.11111111111111,0
68.66666666666667,0
68.0,0
68.11111111111111,0
66.66666666666667,0
69.44444444444444,0
65.5,0
69.33333333333333,0
69.625,0
66.33333333333333,0
68.77777777777777,0
66.55555555555556,0
66.75,0
68.0,0
69.33333333333333,0
67.44444444444444,0
68.55555555555556,0
63.111111111111114,0
66.75,0
67.55555555555556,0
69.33333333333333,0
66.75,0
63.44444444444444,0
67.44444444444444,0
65.75,0
68.44444444444444,0
68.33333333333333,0
67.66666666666667,0
67.75,0
65.77777777777777,0
69.375,0
69.66666666666667,0
68.33333333333333,0
67.66666666666667,0
66.77777777777777,0
67.55555555555556,0
67.88888888888889,0
67.625,0
69.0,0
67.66666666666667,0
68.125,0
68.55555555555556,0
69.66666666666667,0
68.88888888888889,0
68.77777777777777,0
69.33333333333333,0
68.66666666666667,0
69.44444444444444,0
67.33333333333333,0
69.44444444444444,0
68.44444444444444,0
69.33333333333333,0
69.75,0
69.11111111111111,0
68.125,0
70.0,0
62.22222222222222,0
69.77777777777777,0
69.88888888888889,0
69.66666666666667,0
69.33333333333333,0
69.33333333333333,0
69.44444444444444,0
68.875,0
69.77777777777777,0
69.375,0
68.88888888888889,0
69.33333333333333,0
67.77777777777777,0
69.0,0
68.88888888888889,0
69.5,0
68.11111111111111,0
69.0,0
69.5,0
68.88888888888889,0
68.25,0
68.22222222222223,0
69.22222222222223,0
68.55555555555556,0
68.88888888888889,0
68.625,0
68.22222222222223,0
67.66666666666667,0
67.875,0
68.33333333333333,0
67.25,0
68.88888888888889,0
68.88888888888889,0
69.125,0
68.11111111111111,0
69.0,0
69.22222222222223,0
67.88888888888889,0
69.66666666666667,0
67.625,0
68.77777777777777,0
67.66666666666667,0
68.66666666666667,0
68.66666666666667,0
69.375,0
67.88888888888889,0
68.875,0
67.77777777777777,0
69.625,0
68.0,0
67.66666666666667,0
68.375,0
68.66666666666667,0
69.55555555555556,0
69.22222222222223,0
69.55555555555556,0
68.66666666666667,0
68.66666666666667,0
68.88888888888889,0
67.44444444444444,0
69.625,0
68.88888888888889,0
61.0,0
68.77777777777777,0
68.66666666666667,0
68.66666666666667,0
69.33333333333333,0
69.44444444444444,0
70.0,0
69.77777777777777,0
68.33333333333333,0
69.11111111111111,0
68.625,0
69.11111111111111,0
68.88888888888889,0
69.33333333333333,0
69.22222222222223,0
68.125,0
68.25,0
68.66666666666667,0
69.77777777777777,0
69.22222222222223,0
68.77777777777777,0
69.5,0
69.0,0
68.55555555555556,0
69.7,0
69.22222222222223,0
69.0,0
68.33333333333333,0
69.375,0
69.0,0
68.88888888888889,0
68.75,0
70.0,0
68.75,0
69.125,0
69.44444444444444,0
68.0,0
68.875,0
69.0,0
68.125,0
69.77777777777777,0
69.11111111111111,0
67.33333333333333,0
69.0,0
68.75,0
67.7,0
68.55555555555556,0
66.5,0
65.55555555555556,0
66.88888888888889,0
68.8,0
57.5,0
65.88888888888889,0
68.375,0
67.88888888888889,0
67.22222222222223,0
68.66666666666667,0
66.77777777777777,0
66.875,0
67.22222222222223,0
67.77777777777777,0
67.88888888888889,0
61.111111111111114,0
67.11111111111111,0
68.55555555555556,0
68.77777777777777,0
66.0,0
61.666666666666664,0
69.66666666666667,0
67.77777777777777,0
67.75,0
67.88888888888889,0
68.22222222222223,0
66.66666666666667,0
68.77777777777777,0
62.888888888888886,0
67.77777777777777,0
68.11111111111111,0
66.55555555555556,0
69.33333333333333,0
67.375,0
68.33333333333333,0
69.4,0
65.55555555555556,0
68.125,0
69.2,0
66.875,0
69.11111111111111,0
69.0,0
67.77777777777777,0
69.66666666666667,0
66.2,0
64.11111111111111,0
66.88888888888889,0
68.375,0
64.625,0
67.4,0
61.625,0
69.11111111111111,0
68.0,0
63.375,0
65.55555555555556,0
66.6,0
69.44444444444444,0
69.11111111111111,0
68.71428571428571,0
67.0,0
66.33333333333333,0
62.666666666666664,0
66.66666666666667,0
69.11111111111111,0
63.55555555555556,0
67.88888888888889,0
63.22222222222222,0
68.25,0
69.55555555555556,0
69.55555555555556,0
69.77777777777777,0
68.66666666666667,0
69.125,0
68.4,0
68.66666666666667,0
63.55555555555556,0
68.55555555555556,0
63.44444444444444,0
63.111111111111114,0
70.0,0
62.1,0
68.55555555555556,0
69.44444444444444,0
65.11111111111111,0
61.888888888888886,0
69.55555555555556,0
70.0,0
68.875,0
69.4,0
64.625,0
61.44444444444444,0
66.77777777777777,0
63.666666666666664,0
66.11111111111111,0
63.55555555555556,0
60.111111111111114,0
53.55555555555556,0
61.77777777777778,0
68.66666666666667,0
65.44444444444444,0
69.22222222222223,0
67.88888888888889,0
63.625,0
62.0,0
62.44444444444444,0
63.55555555555556,0
66.77777777777777,0
63.125,0
60.55555555555556,0
65.22222222222223,0
60.666666666666664,0
58.625,0
68.625,0
68.0,0
66.88888888888889,0
63.25,0
60.333333333333336,0
59.55555555555556,0
66.88888888888889,0
66.11111111111111,0
64.9,0
64.25,0
67.22222222222223,0
64.55555555555556,0
65.22222222222223,0
66.11111111111111,0
68.75,0
64.0,0
65.33333333333333,0
67.0,0
63.0,0
62.666666666666664,0
67.77777777777777,0
66.22222222222223,0
62.0,0
64.0,0
67.11111111111111,0
65.22222222222223,0
64.33333333333333,0
66.125,0
66.25,0
68.625,0
64.5,0
67.55555555555556,0
62.77777777777778,0
63.875,0
64.11111111111111,0
59.125,0
62.0,0
60.375,0
56.666666666666664,0
52.0,0
63.666666666666664,0
62.375,0
61.888888888888886,0
55.22222222222222,0
57.888888888888886,0
61.666666666666664,0
61.25,0
66.55555555555556,0
62.888888888888886,0
63.75,0
66.22222222222223,0
65.11111111111111,0
66.11111111111111,0
61.0,0
61.111111111111114,0
65.875,0
64.125,0
66.11111111111111,0
66.11111111111111,0
65.33333333333333,0
67.875,0
62.333333333333336,0
63.0,0
64.625,0
65.33333333333333,0
63.75,0
66.66666666666667,0
63.625,0
64.77777777777777,0
63.77777777777778,0
63.75,0
65.55555555555556,0
67.44444444444444,0
64.88888888888889,0
63.111111111111114,0
63.888888888888886,0
64.55555555555556,0
63.77777777777778,0
65.22222222222223,0
65.75,0
66.11111111111111,0
65.11111111111111,0
65.625,0
62.44444444444444,0
63.55555555555556,0
64.11111111111111,0
60.55555555555556,0
62.111111111111114,0
65.77777777777777,0
61.333333333333336,0
64.44444444444444,0
60.111111111111114,0
65.66666666666667,0
66.33333333333333,0
65.0,0
65.5,0
66.44444444444444,0
65.11111111111111,0
64.625,0
65.875,0
64.33333333333333,0
63.111111111111114,0
66.33333333333333,0
66.25,0
62.77777777777778,0
64.2,0
64.5,0
64.33333333333333,0
64.88888888888889,0
63.22222222222222,0
65.33333333333333,0
64.33333333333333,0
63.77777777777778,0
63.333333333333336,0
62.44444444444444,0
60.22222222222222,0
37.77777777777778,0
37.111111111111114,0
34.111111111111114,0
36.75,0
34.666666666666664,0
30.22222222222222,0
30.444444444444443,0
31.5,0
37.333333333333336,0
36.125,0
39.666666666666664,0
37.333333333333336,0
39.125,0
55.111111111111114,0
52.55555555555556,0
50.77777777777778,0
33.55555555555556,0
43.22222222222222,0
45.666666666666664,0
57.375,0
40.375,0
46.77777777777778,0
21.22222222222222,0
31.444444444444443,0
56.0,0
63.22222222222222,0
62.22222222222222,0
55.44444444444444,0
32.55555555555556,0
27.0,0
30.0,0
25.444444444444443,0
22.666666666666668,0
26.0,0
25.125,0
24.25,0
25.77777777777778,0
26.666666666666668,0
27.555555555555557,0
24.0,0
22.666666666666668,0
24.375,0
22.333333333333332,0
28.666666666666668,0
32.22222222222222,0
32.0,0
27.11111111111111,0
23.0,0
34.55555555555556,0
28.0,0
29.77777777777778,0
27.25,0
25.0,0
29.25,0
25.88888888888889,0
24.444444444444443,0
27.125,0
43.375,0
61.333333333333336,0
66.875,0
62.333333333333336,0
64.125,0
66.77777777777777,0
64.88888888888889,0
65.66666666666667,0
65.33333333333333,0
66.55555555555556,0
65.375,0
63.22222222222222,0
69.125,0
66.77777777777777,0
67.125,0
64.44444444444444,0
68.66666666666667,0
68.66666666666667,0
59.875,0
66.66666666666667,0
67.11111111111111,0
68.22222222222223,0
66.55555555555556,0
66.66666666666667,0
65.25,0
65.33333333333333,0
69.11111111111111,0
59.625,0
67.625,0
68.0,0
66.66666666666667,0
65.66666666666667,0
58.111111111111114,0
66.11111111111111,0
67.22222222222223,0
65.625,0
67.44444444444444,0
58.77777777777778,0
66.125,0
64.11111111111111,0
68.66666666666667,0
63.25,0
68.88888888888889,0
68.0,0
60.0,0
64.88888888888889,0
68.88888888888889,0
63.888888888888886,0
68.66666666666667,0
67.88888888888889,0
61.5,0
64.66666666666667,0
61.77777777777778,0
64.66666666666667,0
68.33333333333333,0
60.888888888888886,0
62.22222222222222,0
64.22222222222223,0
55.888888888888886,0
63.22222222222222,0
59.55555555555556,0
58.0,0
66.33333333333333,0
67.44444444444444,0
64.44444444444444,0
64.66666666666667,0
58.5,0
57.0,0
64.22222222222223,0
60.888888888888886,0
62.0,0
68.44444444444444,0
65.22222222222223,0
59.111111111111114,0
66.33333333333333,0
61.44444444444444,0
65.75,0
68.0,0
62.888888888888886,0
68.22222222222223,0
60.44444444444444,0
51.333333333333336,0
66.375,0
65.44444444444444,0
51.0,0
60.0,0
58.22222222222222,0
70.0,0
60.111111111111114,0
69.25,0
64.0,0
65.22222222222223,0
57.55555555555556,0
54.888888888888886,0
55.22222222222222,0
67.11111111111111,0
61.111111111111114,0
50.77777777777778,0
62.55555555555556,0
56.333333333333336,0
61.375,0
58.7,0
65.875,0
67.3,0
64.22222222222223,0
66.11111111111111,0
58.666666666666664,0
52.25,0
51.55555555555556,0
61.55555555555556,0
64.22222222222223,0
63.77777777777778,0
62.333333333333336,0
61.875,0
48.42857142857143,0
66.44444444444444,0
58.0,0
52.55555555555556,0
52.111111111111114,0
65.11111111111111,0
64.0,0
54.77777777777778,0
58.44444444444444,0
57.625,0
61.44444444444444,0
62.0,0
64.375,0
59.666666666666664,0
66.11111111111111,0
63.0,0
60.888888888888886,0
63.0,0
67.33333333333333,0
62.22222222222222,0
60.75,0
66.11111111111111,0
66.5,0
67.88888888888889,0
66.0,0
58.44444444444444,0
65.375,0
67.0,0
59.0,0
67.44444444444444,0
63.0,0
62.77777777777778,0
65.11111111111111,0
62.333333333333336,0
61.333333333333336,0
61.55555555555556,0
60.125,0
40.666666666666664,0
30.0,0
32.44444444444444,0
34.0,0
47.55555555555556,0
64.88888888888889,0
61.875,0
60.666666666666664,0
61.44444444444444,0
63.22222222222222,0
62.22222222222222,0
61.5,0
61.888888888888886,0
64.44444444444444,0
56.333333333333336,0
0.0,0
0.0,0
0.0,0
0.0,0
0.0,0
0.0,0
0.0,0
0.0,0
0.0,0
0.0,0
0.0,0
0.0,0
0.0,0
0.0,0
0.0,0
0.0,0
0.0,0
0.0,0
61.25,0
63.75,0
65.33333333333333,0
65.11111111111111,0
64.44444444444444,0
61.77777777777778,0
60.333333333333336,0
63.333333333333336,0
62.111111111111114,0
62.22222222222222,0
59.0,0
64.55555555555556,0
65.44444444444444,0
63.22222222222222,0
67.33333333333333,0
65.55555555555556,0
62.125,0
65.77777777777777,0
65.66666666666667,0
64.0,0
63.44444444444444,0
63.22222222222222,0
63.77777777777778,0
64.22222222222223,0
64.66666666666667,0
63.333333333333336,0
65.77777777777777,0
65.44444444444444,0
63.0,0
64.25,0
63.55555555555556,0
63.77777777777778,0
66.375,0
65.11111111111111,0
61.888888888888886,0
66.77777777777777,0
63.888888888888886,0
56.375,0
63.333333333333336,0
61.75,0
64.75,0
63.888888888888886,0
64.625,0
58.75,0
62.888888888888886,0
60.25,0
65.75,0
61.25,0
61.857142857142854,0
46.55555555555556,0
31.555555555555557,0
34.875,0
34.888888888888886,0
49.125,0
63.375,0
54.888888888888886,0
47.0,0
47.77777777777778,0
48.125,0
53.75,0
51.625,0
52.888888888888886,0
48.22222222222222,0
45.42857142857143,0
48.0,0
36.25,0
31.75,0
28.11111111111111,0
27.125,0
28.125,0
26.666666666666668,0
24.0,0
27.88888888888889,0
22.5,0
22.875,0
28.88888888888889,0
27.375,0
24.0,0
28.375,0
35.55555555555556,0
26.11111111111111,0
28.125,0
24.375,0
26.666666666666668,0
26.75,0
22.375,0
24.0,0
24.75,0
21.375,0
27.5,0
23.22222222222222,0
25.666666666666668,0
21.0,0
27.666666666666668,0
25.625,0
23.555555555555557,0
25.25,0
26.0,0
26.75,0
27.875,0
26.25,0
28.75,0
30.555555555555557,0
27.555555555555557,0
35.375,0
55.875,0
65.875,0
65.11111111111111,0
64.25,0
63.44444444444444,0
64.0,0
66.5,0
65.33333333333333,0
64.0,0
62.75,0
57.44444444444444,0
65.88888888888889,0
64.5,0
65.88888888888889,0
66.125,0
64.77777777777777,0
68.5,0
67.875,0
65.88888888888889,0
61.625,0
59.22222222222222,0
55.375,0
65.11111111111111,0
69.0,0
69.25,0
66.0,0
66.77777777777777,0
66.375,0
63.888888888888886,0
63.125,0
65.88888888888889,0
63.25,0
67.5,0
66.44444444444444,0
56.25,0
64.88888888888889,0
67.625,0
66.5,0
64.77777777777777,0
66.0,0
67.0,0
64.44444444444444,0
61.25,0
65.33333333333333,0
68.75,0
65.85714285714286,0
60.77777777777778,0
65.0,0
64.875,0
61.0,0
57.77777777777778,0
59.25,0
68.5,0
65.11111111111111,0
57.375,0
58.44444444444444,0
57.75,0
50.125,0
68.88888888888889,0
67.375,0
59.666666666666664,0
64.5,0
62.666666666666664,0
59.0,0
67.22222222222223,0
67.375,0
58.111111111111114,0
65.125,0
66.375,0
65.66666666666667,0
63.44444444444444,0
67.0,0
57.25,0
68.25,0
64.0,0
68.625,0
63.22222222222222,0
60.375,0
66.25,0
61.888888888888886,0
61.375,0
63.0,0
66.0,0
62.0,0
60.25,0
61.333333333333336,0
65.5,0
62.888888888888886,0
61.125,0
53.0,0
69.375,0
60.111111111111114,0
61.285714285714285,0
67.77777777777777,0
59.0,0
57.22222222222222,0
60.875,0
64.875,0
68.5,0
63.625,0
66.11111111111111,0
64.375,0
69.0,0
56.25,0
61.888888888888886,0
65.33333333333333,0
52.5,0
60.888888888888886,0
58.875,0
65.375,0
53.888888888888886,0
63.666666666666664,0
59.875,0
66.22222222222223,0
59.0,0
55.666666666666664,0
58.0,0
60.125,0
54.111111111111114,0
62.625,0
53.666666666666664,0
64.0,0
62.44444444444444,0
48.625,0
65.22222222222223,0
63.875,0
62.375,0
63.77777777777778,0
65.375,0
67.375,0
64.77777777777777,0
64.875,0
62.666666666666664,0
67.0,0
66.75,0
64.88888888888889,0
66.25,0
67.125,0
67.5,0
67.66666666666667,0
68.44444444444444,0
66.85714285714286,0
66.625,0
66.66666666666667,0
66.57142857142857,0
65.125,0
64.88888888888889,0
65.875,0
62.55555555555556,0
62.44444444444444,0
59.0,0
64.5,0
67.5,0
55.77777777777778,0
44.25,0
52.333333333333336,0
64.25,0
64.55555555555556,0
64.0,0
61.333333333333336,0
66.0,0
53.75,0
63.375,0
63.22222222222222,0
47.75,0
63.111111111111114,0
64.75,0
62.125,0
66.55555555555556,0
66.75,0
63.375,0
65.625,0
61.111111111111114,0
59.75,0
65.75,0
63.111111111111114,0
64.125,0
64.66666666666667,0
60.875,0
65.0,0
63.111111111111114,0
65.77777777777777,0
61.625,0
60.75,0
60.0,0
63.25,0
64.875,0
65.125,0
62.5,0
63.55555555555556,0
65.625,0
63.875,0
65.66666666666667,0
64.875,0
62.125,0
61.77777777777778,0
61.375,0
66.75,0
63.375,0
62.55555555555556,0
66.0,0
63.111111111111114,0
63.25,0
62.375,0
65.125,0
64.11111111111111,0
63.875,0
56.0,0
59.0,0
60.22222222222222,0
63.875,0
65.375,0
62.333333333333336,0
65.25,0
62.875,0
62.5,0
59.0,0
64.77777777777777,0
61.125,0
67.0,0
65.0,0
63.0,0
64.625,0
64.44444444444444,0
65.375,0
62.5,0
62.875,0
60.888888888888886,0
64.375,0
65.625,0
57.375,0
37.333333333333336,0
49.333333333333336,0
61.375,0
63.75,0
65.125,0
66.44444444444444,0
60.0,0
43.857142857142854,0
43.333333333333336,0
38.0,0
34.875,0
25.375,0
26.444444444444443,0
28.88888888888889,0
28.75,0
26.25,0
26.666666666666668,0
29.571428571428573,0
28.88888888888889,0
28.125,0
33.77777777777778,0
30.25,0
28.333333333333332,0
26.75,0
29.11111111111111,0
27.125,0
28.666666666666668,0
25.444444444444443,0
28.125,0
26.0,0
27.666666666666668,0
27.625,0
24.375,0
22.77777777777778,0
23.25,0
24.5,0
21.5,0
26.555555555555557,0
27.77777777777778,0
27.0,0
19.88888888888889,0
23.5,0
21.75,0
24.666666666666668,0
24.5,0
25.77777777777778,0
23.875,0
23.88888888888889,0
25.5,0
25.666666666666668,0
23.77777777777778,0
23.625,0
28.0,0
28.375,0
25.0,0
29.428571428571427,0
32.666666666666664,0
30.5,0
33.55555555555556,0
53.22222222222222,0
65.5,0
60.375,0
66.5,0
62.0,0
66.625,0
64.625,0
64.875,0
67.33333333333333,0
66.875,0
64.88888888888889,0
65.625,0
67.0,0
64.11111111111111,0
61.25,0
58.111111111111114,0
65.25,0
67.125,0
62.125,0
66.5,0
67.66666666666667,0
66.55555555555556,0
56.25,0
59.625,0
55.875,0
66.625,0
67.0,0
64.875,0
65.0,0
64.0,0
66.125,0
63.333333333333336,0
68.125,0
65.44444444444444,0
64.375,0
66.375,0
68.375,0
67.875,0
66.875,0
67.44444444444444,0
67.625,0
63.125,0
65.11111111111111,0
67.375,0
68.75,0
65.875,0
67.22222222222223,0
63.875,0
69.25,0
67.55555555555556,0
66.875,0
66.88888888888889,0
66.125,0
61.22222222222222,0
67.75,0
65.88888888888889,0
67.125,0
63.125,0
68.44444444444444,0
67.125,0
65.66666666666667,0
63.625,0
65.88888888888889,0
69.25,0
64.55555555555556,0
65.625,0
58.875,0
59.375,0
65.0,0
69.55555555555556,0
65.625,0
67.375,0
69.5,0
60.77777777777778,0
53.875,0
65.66666666666667,0
65.75,0
61.44444444444444,0
65.375,0
66.55555555555556,0
66.25,0
61.666666666666664,0
67.625,0
60.44444444444444,0
61.125,0
63.888888888888886,0
68.125,0
68.625,0
65.11111111111111,0
66.75,0
64.33333333333333,0
66.125,0
69.33333333333333,0
58.875,0
68.11111111111111,0
66.5,0
47.875,0
67.55555555555556,0
65.0,0
67.25,0
60.5,0
59.57142857142857,0
68.875,0
66.2,0
68.25,0
62.22222222222222,0
59.125,0
53.0,0
0.0,0
0.0,0
0.0,0
0.0,0
0.0,0
0.0,0
0.0,0
0.0,0
0.0,0
0.0,0
0.0,0
0.0,0
0.0,0
0.0,0
0.0,0
0.0,0
0.0,0
0.0,0
0.0,0
0.0,0
0.0,0
0.0,0
0.0,0
0.0,0
0.0,0
0.0,0
0.0,0
0.0,0
0.0,0
0.0,0
0.0,0
0.0,0
0.0,0
0.0,0
0.0,0
0.0,0
0.0,0
0.0,0
0.0,0
0.0,0
0.0,0
0.0,0
0.0,0
0.0,0
0.0,0
0.0,0
0.0,0
0.0,0
0.0,0
0.0,0
67.25,0
65.75,0
50.875,0
31.25,0
32.875,0
30.75,0
40.625,0
55.5,0
62.0,0
61.333333333333336,0
62.75,0
62.125,0
62.0,0
62.25,0
64.44444444444444,0
63.375,0
65.0,0
64.25,0
61.75,0
63.0,0
65.375,0
62.888888888888886,0
65.22222222222223,0
60.625,0
61.44444444444444,0
61.75,0
59.75,0
65.44444444444444,0
63.125,0
62.125,0
66.0,0
66.0,0
66.44444444444444,0
68.625,0
65.125,0
65.0,0
65.55555555555556,0
64.625,0
66.0,0
39.666666666666664,0
24.333333333333332,0
29.25,0
38.44444444444444,0
64.875,0
64.44444444444444,0
62.5,0
65.44444444444444,0
61.875,0
66.0,0
57.666666666666664,0
64.0,0
62.111111111111114,0
63.75,0
63.75,0
62.888888888888886,0
59.888888888888886,0
63.375,0
63.55555555555556,0
66.0,0
64.77777777777777,0
66.11111111111111,0
62.125,0
62.75,0
63.888888888888886,0
64.125,0
56.77777777777778,0
66.75,0
60.375,0
62.666666666666664,0
59.875,0
64.0,0
60.5,0
27.444444444444443,0
28.25,0
27.125,0
25.666666666666668,0
28.25,0
27.333333333333332,0
31.5,0
30.25,0
0.0,0
0.0,0
0.0,0
0.0,0
0.0,0
0.0,0
0.0,0
0.0,0
0.0,0
28.875,0
28.625,0
24.75,0
28.666666666666668,0
29.625,0
26.444444444444443,0
28.5,0
26.77777777777778,0
28.571428571428573,0
23.0,0
31.125,0
23.75,0
25.88888888888889,0
28.125,0
26.75,0
26.375,0
23.77777777777778,0
19.75,0
26.0,0
27.375,0
21.666666666666668,0
25.5,0
26.875,0
22.555555555555557,0
20.375,0
23.25,0
25.875,0
26.5,0
27.875,0
22.88888888888889,0
30.25,0
21.875,0
25.375,0
23.88888888888889,0
26.22222222222222,0
30.125,0
27.22222222222222,0
26.5,0
31.5,0
33.22222222222222,0
63.25,0
65.125,0
63.111111111111114,0
58.666666666666664,0
64.125,0
60.625,0
56.25,0
63.333333333333336,0
64.33333333333333,0
67.625,0
65.375,0
67.0,0
56.75,0
64.375,0
67.33333333333333,0
65.75,0
66.11111111111111,0
67.0,0
66.57142857142857,0
66.375,0
67.11111111111111,0
69.11111111111111,0
66.875,0
66.77777777777777,0
65.625,0
65.77777777777777,0
66.85714285714286,0
65.875,0
60.125,0
66.0,0
67.5,0
67.0,0
68.5,0
67.11111111111111,0
69.0,0
68.11111111111111,0
66.125,0
66.77777777777777,0
66.625,0
67.875,0
59.5,0
66.25,0
68.625,0
69.0,0
67.0,0
65.625,0
67.25,0
67.44444444444444,0
65.625,0
69.0,0
66.75,0
65.77777777777777,0
66.25,0
67.33333333333333,0
68.125,0
67.83333333333333,0
0.0,0
0.0,0
0.0,0
0.0,0
0.0,0
0.0,0
0.0,0
0.0,0
0.0,0
0.0,0
0.0,0
0.0,0
0.0,0
0.0,0
0.0,0
0.0,0
0.0,0
0.0,0
0.0,0
0.0,0
68.5,0
65.44444444444444,0
54.5,0
66.0,0
63.625,0
69.25,0
64.55555555555556,0
66.625,0
64.5,0
62.111111111111114,0
63.875,0
68.125,0
53.44444444444444,0
62.5,0
66.125,0
66.44444444444444,0
65.875,0
61.125,0
69.11111111111111,0
64.0,0
62.625,0
67.11111111111111,0
59.5,0
60.666666666666664,0
61.0,0
62.25,0
67.375,0
54.666666666666664,0
65.0,0
66.55555555555556,0
61.0,0
68.55555555555556,0
61.0,0
60.22222222222222,0
58.666666666666664,0
64.77777777777777,0
65.625,0
58.666666666666664,0
64.375,0
60.0,0
62.875,0
63.666666666666664,0
66.0,0
62.77777777777778,0
65.22222222222223,0
63.888888888888886,0
62.25,0
65.88888888888889,0
66.11111111111111,0
65.44444444444444,0
65.75,0
66.11111111111111,0
67.125,0
64.44444444444444,0
67.11111111111111,0
65.33333333333333,0
66.88888888888889,0
66.22222222222223,0
64.33333333333333,0
66.33333333333333,0
67.375,0
68.0,0
68.5,0
68.11111111111111,0
68.11111111111111,0
66.66666666666667,0
67.66666666666667,0
66.0,0
67.0,0
67.0,0
66.44444444444444,0
64.11111111111111,0
64.77777777777777,0
58.25,0
63.111111111111114,0
57.0,0
65.66666666666667,0
60.55555555555556,0
62.125,0
62.111111111111114,0
59.0,0
62.55555555555556,0
65.44444444444444,0
64.77777777777777,0
65.75,0
63.333333333333336,0
66.33333333333333,0
64.22222222222223,0
67.88888888888889,0
64.625,0
64.33333333333333,0
66.11111111111111,0
66.875,0
67.22222222222223,0
65.22222222222223,0
64.5,0
66.22222222222223,0
67.22222222222223,0
66.11111111111111,0
66.55555555555556,0
63.77777777777778,0
66.77777777777777,0
63.77777777777778,0
66.22222222222223,0
65.875,0
64.88888888888889,0
64.0,0
65.55555555555556,0
62.111111111111114,0
66.22222222222223,0
65.55555555555556,0
59.666666666666664,0
63.25,0
65.33333333333333,0
64.625,0
64.22222222222223,0
65.55555555555556,0
59.0,0
65.11111111111111,0
64.0,0
63.44444444444444,0
64.66666666666667,0
66.44444444444444,0
65.55555555555556,0
66.88888888888889,0
62.0,0
62.625,0
64.77777777777777,0
64.55555555555556,0
67.0,0
66.11111111111111,0
65.55555555555556,0
66.11111111111111,0
62.0,0
64.5,0
64.4,0
64.375,0
62.333333333333336,0
63.77777777777778,0
65.5,0
65.22222222222223,0
65.5,0
64.625,0
58.111111111111114,0
65.0,0
63.5,0
61.875,0
62.0,0
62.25,0
60.125,0
61.333333333333336,0
64.33333333333333,0
62.625,0
63.888888888888886,0
62.375,0
61.875,0
48.5,0
31.375,0
31.88888888888889,0
30.125,0
29.666666666666668,0
32.0,0
30.0,0
29.25,0
32.625,0
27.88888888888889,0
31.5,0
32.55555555555556,0
32.0,0
31.0,0
32.333333333333336,0
37.125,0
31.25,0
28.77777777777778,0
35.25,0
30.333333333333332,0
34.285714285714285,0
29.125,0
31.11111111111111,0
35.0,0
24.5,0
27.625,0
26.5,0
35.111111111111114,0
34.375,0
36.333333333333336,0
33.125,0
29.333333333333332,0
34.75,0
25.5,0
30.22222222222222,0
29.25,0
31.25,0
30.333333333333332,0
25.285714285714285,0
17.11111111111111,0
19.0,0
24.5,0
29.333333333333332,0
29.5,0
55.5,0
64.875,0
65.25,0
65.25,0
65.625,0
65.375,0
58.0,0
40.0,0
31.625,0
29.0,0
35.666666666666664,0
33.42857142857143,0
31.77777777777778,0
31.125,0
38.625,0
47.5,0
64.25,0
63.875,0
63.888888888888886,0
64.5,0
66.25,0
63.55555555555556,0
67.25,0
64.125,0
65.125,0
65.11111111111111,0
63.25,0
67.125,0
68.22222222222223,0
66.5,0
66.44444444444444,0
66.625,0
67.0,0
65.5,0
66.66666666666667,0
66.75,0
61.111111111111114,0
64.75,0
66.88888888888889,0
67.625,0
67.75,0
67.14285714285714,0
65.625,0
67.11111111111111,0
68.875,0
67.44444444444444,0
66.5,0
67.75,0
67.0,0
65.5,0
65.875,0
65.0,0
67.77777777777777,0
66.88888888888889,0
67.875,0
65.625,0
58.888888888888886,0
66.125,0
60.55555555555556,0
65.0,0
58.0,0
68.66666666666667,0
68.125,0
65.33333333333333,0
67.57142857142857,0
66.25,0
66.25,0
68.33333333333333,0
67.75,0
68.625,0
63.888888888888886,0
66.625,0
65.875,0
66.0,0
63.0,0
63.5,0
65.11111111111111,0
69.125,0
67.88888888888889,0
67.85714285714286,0
68.66666666666667,0
65.11111111111111,0
66.375,0
67.625,0
66.22222222222223,0
69.33333333333333,0
64.625,0
60.875,0
67.66666666666667,0
67.625,0
61.25,0
61.666666666666664,0
69.55555555555556,0
64.44444444444444,0
68.57142857142857,0
60.77777777777778,0
59.5,0
62.875,0
61.875,0
66.625,0
63.333333333333336,0
62.25,0
61.666666666666664,0
55.875,0
62.625,0
62.55555555555556,0
67.25,0
64.25,0
58.625,0
58.25,0
62.75,0
64.0,0
63.25,0
65.55555555555556,0
48.75,0
63.55555555555556,0
67.8,0
66.75,0
68.375,0
64.55555555555556,0
69.5,0
67.375,0
62.0,0
64.625,0
56.375,0
61.75,0
62.44444444444444,0
64.5,0
64.0,0
62.625,0
65.88888888888889,0
64.375,0
56.375,0
63.5,0
56.25,0
63.55555555555556,0
64.875,0
66.25,0
65.22222222222223,0
66.25,0
66.25,0
67.0,0
60.22222222222222,0
62.875,0
67.44444444444444,0
58.25,0
66.88888888888889,0
66.875,0
67.44444444444444,0
68.75,0
69.0,0
68.33333333333333,0
69.0,0
67.25,0
66.55555555555556,0
66.375,0
64.77777777777777,0
67.75,0
67.375,0
68.375,0
66.77777777777777,0
68.375,0
68.44444444444444,0
68.22222222222223,0
69.625,0
69.33333333333333,0
68.125,0
67.44444444444444,0
66.125,0
66.44444444444444,0
69.25,0
65.88888888888889,0
66.625,0
68.625,0
67.25,0
68.0,0
66.375,0
67.5,0
69.66666666666667,0
68.375,0
68.0,0
68.625,0
66.875,0
67.25,0
69.0,0
65.625,0
59.75,0
68.33333333333333,0
68.125,0
67.44444444444444,0
67.5,0
69.625,0
68.25,0
68.5,0
66.375,0
61.22222222222222,0
65.875,0
69.5,0
0.0,0
0.0,0
60.22222222222222,0
66.625,0
66.33333333333333,0
66.77777777777777,0
65.875,0
64.375,0
67.55555555555556,0
66.66666666666667,0
53.125,0
58.111111111111114,0
43.625,0
38.75,0
40.888888888888886,0
53.625,0
56.625,0
61.875,0
60.0,0
61.75,0
64.66666666666667,0
64.0,0
56.0,0
66.625,0
60.22222222222222,0
61.75,0
68.25,0
64.88888888888889,0
64.625,0
67.44444444444444,0
58.55555555555556,0
63.125,0
63.0,0
58.0,0
57.0,0
65.11111111111111,0
66.5,0
63.55555555555556,0
67.625,0
67.375,0
68.5,0
57.111111111111114,0
66.25,0
66.0,0
58.875,0
63.111111111111114,0
56.5,0
55.55555555555556,0
66.125,0
63.888888888888886,0
65.0,0
64.0,0
67.25,0
65.33333333333333,0
63.5,0
65.625,0
66.0,0
67.66666666666667,0
67.125,0
60.125,0
67.0,0
66.625,0
67.55555555555556,0
65.875,0
67.88888888888889,0
60.285714285714285,0
66.88888888888889,0
66.25,0
67.0,0
68.11111111111111,0
68.125,0
64.0,0
62.5,0
67.11111111111111,0
67.25,0
66.5,0
66.77777777777777,0
67.0,0
47.875,0
50.0,0
58.375,0
64.88888888888889,0
68.25,0
67.11111111111111,0
65.0,0
67.77777777777777,0
68.125,0
67.66666666666667,0
67.5,0
68.33333333333333,0
69.125,0
67.55555555555556,0
68.625,0
61.888888888888886,0
67.75,0
68.11111111111111,0
68.125,0
67.5,0
68.25,0
68.44444444444444,0
69.25,0
66.25,0
66.77777777777777,0
64.5,0
64.875,0
67.33333333333333,0
64.75,0
63.888888888888886,0
65.85714285714286,0
62.0,0
60.0,0
62.57142857142857,0
67.33333333333333,0
60.875,0
68.0,0
66.66666666666667,0
67.75,0
64.875,0
68.375,0
68.125,0
66.375,0
67.375,0
67.25,0
67.625,0
68.77777777777777,0
69.125,0
67.55555555555556,0
68.0,0
68.14285714285714,0
66.77777777777777,0
69.375,0
66.0,0
58.44444444444444,0
66.375,0
66.875,0
68.11111111111111,0
67.125,0
65.55555555555556,0
68.375,0
68.88888888888889,0
69.42857142857143,0
69.11111111111111,0
66.25,0
67.875,0
68.33333333333333,0
68.625,0
66.77777777777777,0
67.75,0
68.375,0
68.5,0
68.77777777777777,0
68.14285714285714,0
69.11111111111111,0
69.625,0
68.11111111111111,0
68.75,0
66.875,0
69.75,0
68.75,0
68.66666666666667,0
68.625,0
70.0,0
69.125,0
69.44444444444444,0
68.625,0
66.55555555555556,0
60.25,0
65.0,0
68.0,0
68.0,0
62.75,0
68.5,0
69.75,0
66.11111111111111,0
68.875,0
68.44444444444444,0
67.625,0
68.125,0
66.25,0
66.88888888888889,0
69.75,0
69.77777777777777,0
69.11111111111111,0
68.125,0
67.55555555555556,0
69.25,0
67.125,0
69.75,0
65.77777777777777,0
68.875,0
63.375,0
69.85714285714286,0
69.14285714285714,0
69.44444444444444,0
70.0,0
69.0,0
63.125,0
64.11111111111111,0
64.375,0
62.875,0
67.125,0
68.25,0
68.44444444444444,0
70.0,0
66.875,0
69.75,0
68.66666666666667,0
63.125,0
63.77777777777778,0
68.625,0
68.375,0
67.25,0
69.44444444444444,0
62.875,0
61.888888888888886,0
66.33333333333333,0
63.625,0
60.111111111111114,0
68.625,0
62.0,0
68.875,0
65.66666666666667,0
70.0,0
68.125,0
69.0,0
60.333333333333336,0
68.875,0
66.5,0
69.25,0
67.5,0
69.33333333333333,0
65.625,0
66.77777777777777,0
67.0,0
67.875,0
67.625,0
66.0,0
69.22222222222223,0
68.55555555555556,0
65.125,0
69.22222222222223,0
69.625,0
65.22222222222223,0
66.5,0
68.375,0
62.44444444444444,0
69.71428571428571,0
69.44444444444444,0
66.5,0
64.55555555555556,0
68.77777777777777,0
68.625,0
69.75,0
69.77777777777777,0
69.0,0
70.0,0
69.11111111111111,0
65.25,0
69.125,0
69.85714285714286,0
69.42857142857143,0
69.375,0
68.33333333333333,0
69.25,0
67.66666666666667,0
67.0,0
67.0,0
69.25,0
68.88888888888889,0
67.77777777777777,0
69.57142857142857,0
69.33333333333333,0
69.875,0
69.875,0
69.44444444444444,0
69.57142857142857,0
68.55555555555556,0
69.75,0
67.375,0
68.11111111111111,0
69.125,0
68.875,0
61.77777777777778,0
67.625,0
69.875,0
69.625,0
68.22222222222223,0
69.25,0
67.77777777777777,0
68.125,0
67.125,0
69.66666666666667,0
66.25,0
66.0,0
66.25,0
65.5,0
65.55555555555556,0
67.25,0
65.22222222222223,0
65.875,0
63.55555555555556,0
61.5,0
62.375,0
64.66666666666667,0
64.5,0
61.375,0
62.22222222222222,0
62.25,0
59.5,0
65.5,0
65.75,0
64.0,0
61.666666666666664,0
59.333333333333336,0
55.333333333333336,0
60.5,0
56.0,0
50.875,0
49.666666666666664,0
58.125,0
55.5,0
60.22222222222222,0
60.0,0
60.77777777777778,0
57.875,0
52.0,0
51.0,0
38.125,0
61.333333333333336,0
66.0,0
60.77777777777778,0
59.375,0
61.55555555555556,0
62.5,0
60.666666666666664,0
60.25,0
57.75,0
59.22222222222222,0
50.75,0
60.0,0
40.0,0
46.55555555555556,0
61.625,0
60.625,0
61.125,0
62.0,0
61.625,0
63.5,0
62.0,0
67.375,0
65.625,0
68.77777777777777,0
67.5,0
65.55555555555556,0
62.625,0
64.66666666666667,0
64.75,0
67.11111111111111,0
64.875,0
66.88888888888889,0
65.875,0
67.11111111111111,0
66.375,0
64.88888888888889,0
65.125,0
58.5,0
62.4,0
0.0,0
66.71428571428571,0
68.88888888888889,0
69.22222222222223,0
67.28571428571429,0
67.75,0
69.44444444444444,0
68.5,0
62.44444444444444,0
68.5,0
68.25,0
70.0,0
68.125,0
69.11111111111111,0
69.375,0
69.77777777777777,0
69.75,0
67.0,0
68.875,0
69.22222222222223,0
68.625,0
69.5,0
70.0,0
67.66666666666667,0
68.625,0
69.77777777777777,0
64.375,0
68.625,0
66.55555555555556,0
68.125,0
68.25,0
68.125,0
69.11111111111111,0
66.25,0
63.5,0
64.77777777777777,0
66.33333333333333,0
64.0,0
65.5,0
67.875,0
66.0,0
64.125,0
64.75,0
66.25,0
66.0,0
63.75,0
66.0,0
61.875,0
66.44444444444444,0
63.125,0
65.0,0
64.5,0
65.44444444444444,0
65.0,0
63.625,0
64.88888888888889,0
63.375,0
63.75,0
66.0,0
62.75,0
63.125,0
64.66666666666667,0
57.333333333333336,0
61.5,0
61.142857142857146,0
66.0,0
66.0,0
62.77777777777778,0
62.5,0
62.333333333333336,0
64.85714285714286,0
66.77777777777777,0
64.125,0
67.77777777777777,0
65.75,0
61.75,0
63.0,0
62.875,0
62.75,0
64.75,0
64.375,0
64.57142857142857,0
0.0,0
65.0,0
67.125,0
67.85714285714286,0
64.66666666666667,0
65.75,0
67.625,0
68.0,0
59.111111111111114,0
69.5,0
69.625,0
69.55555555555556,0
68.11111111111111,0
68.5,0
69.5,0
64.55555555555556,0
62.75,0
65.55555555555556,0
63.375,0
68.0,0
64.125,0
64.875,0
64.66666666666667,0
69.375,0
68.375,0
69.75,0
68.57142857142857,0
67.75,0
61.625,0
68.11111111111111,0
56.125,0
64.0,0
65.125,0
63.55555555555556,0
63.111111111111114,0
64.55555555555556,0
49.857142857142854,0
66.77777777777777,0
66.75,0
68.0,0
68.125,0
68.57142857142857,0
65.22222222222223,0
66.0,0
62.5,0
56.285714285714285,0
52.285714285714285,0
59.375,0
58.44444444444444,0
62.875,0
58.25,0
57.875,0
57.25,0
58.125,0
54.77777777777778,0
59.5,0
68.25,0
63.375,0
64.55555555555556,0
68.375,0
63.888888888888886,0
66.5,0
59.666666666666664,0
63.375,0
66.125,0
67.22222222222223,0
63.25,0
65.88888888888889,0
64.875,0
67.5,0
63.888888888888886,0
66.0,0
65.22222222222223,0
65.0,0
63.75,0
64.42857142857143,0
67.42857142857143,0
64.0,0
68.88888888888889,0
68.375,0
67.125,0
68.77777777777777,0
67.625,0
66.25,0
66.77777777777777,0
62.5,0
66.375,0
63.22222222222222,0
63.285714285714285,0
64.33333333333333,0
59.75,0
44.75,0
62.44444444444444,0
64.57142857142857,0
61.25,0
62.125,0
61.0,0
64.5,0
0.0,0
0.0,0
0.0,0
0.0,0
0.0,0
0.0,0
0.0,0
0.0,0
0.0,0
0.0,0
0.0,0
0.0,0
0.0,0
0.0,0
0.0,0
0.0,0
0.0,0
0.0,0
0.0,0
0.0,0
0.0,0
0.0,0
0.0,0
0.0,0
0.0,0
0.0,0
0.0,0
0.0,0
0.0,0
0.0,0
0.0,0
0.0,0
0.0,0
0.0,0
0.0,0
0.0,0
0.0,0
0.0,0
0.0,0
0.0,0
0.0,0
0.0,0
0.0,0
0.0,0
0.0,0
0.0,0
0.0,0
0.0,0
0.0,0
0.0,0
0.0,0
0.0,0
0.0,0
0.0,0
0.0,0
0.0,0
0.0,0
0.0,0
0.0,0
0.0,0
0.0,0
0.0,0
0.0,0
0.0,0
0.0,0
0.0,0
0.0,0
0.0,0
0.0,0
0.0,0
0.0,0
0.0,0
0.0,0
0.0,0
0.0,0
0.0,0
0.0,0
0.0,0
0.0,0
0.0,0
0.0,0
0.0,0
0.0,0
0.0,0
0.0,0
0.0,0
0.0,0
0.0,0
0.0,0
0.0,0
0.0,0
0.0,0
0.0,0
0.0,0
0.0,0
0.0,0
0.0,0
0.0,0
0.0,0
0.0,0
0.0,0
0.0,0
0.0,0
0.0,0
0.0,0
0.0,0
0.0,0
0.0,0
0.0,0
0.0,0
0.0,0
0.0,0
0.0,0
0.0,0
0.0,0
0.0,0
0.0,0
0.0,0
0.0,0
0.0,0
0.0,0
0.0,0
0.0,0
0.0,0
0.0,0
0.0,0
0.0,0
0.0,0
0.0,0
0.0,0
0.0,0
0.0,0
0.0,0
0.0,0
0.0,0
0.0,0
0.0,0
0.0,0
0.0,0
0.0,0
0.0,0
0.0,0
0.0,0
0.0,0
0.0,0
0.0,0
0.0,0
0.0,0
0.0,0
0.0,0
0.0,0
0.0,0
0.0,0
0.0,0
0.0,0
0.0,0
0.0,0
0.0,0
0.0,0
0.0,0
0.0,0
0.0,0
0.0,0
0.0,0
0.0,0
0.0,0
0.0,0
0.0,0
0.0,0
0.0,0
0.0,0
0.0,0
0.0,0
0.0,0
0.0,0
0.0,0
0.0,0
0.0,0
0.0,0
0.0,0
0.0,0
0.0,0
0.0,0
0.0,0
0.0,0
0.0,0
0.0,0
0.0,0
0.0,0
0.0,0
0.0,0
0.0,0
0.0,0
0.0,0
0.0,0
0.0,0
0.0,0
0.0,0
0.0,0
0.0,0
0.0,0
0.0,0
0.0,0
0.0,0
0.0,0
0.0,0
0.0,0
0.0,0
0.0,0
0.0,0
0.0,0
0.0,0
0.0,0
0.0,0
0.0,0
0.0,0
0.0,0
0.0,0
0.0,0
0.0,0
0.0,0
0.0,0
0.0,0
0.0,0
0.0,0
0.0,0
0.0,0
0.0,0
0.0,0
0.0,0
0.0,0
0.0,0
0.0,0
0.0,0
0.0,0
0.0,0
0.0,0
0.0,0
0.0,0
0.0,0
0.0,0
0.0,0
0.0,0
0.0,0
0.0,0
0.0,0
0.0,0
0.0,0
0.0,0
0.0,0
0.0,0
0.0,0
0.0,0
0.0,0
0.0,0
0.0,0
0.0,0
0.0,0
0.0,0
0.0,0
0.0,0
0.0,0
0.0,0
0.0,0
0.0,0
0.0,0
0.0,0
0.0,0
0.0,0
0.0,0
0.0,0
0.0,0
0.0,0
0.0,0
0.0,0
0.0,0
0.0,0
0.0,0
0.0,0
0.0,0
0.0,0
0.0,0
0.0,0
0.0,0
0.0,0
0.0,0
0.0,0
0.0,0
0.0,0
0.0,0
0.0,0
0.0,0
0.0,0
0.0,0
0.0,0
0.0,0
0.0,0
0.0,0
0.0,0
0.0,0
0.0,0
0.0,0
0.0,0
0.0,0
0.0,0
0.0,0
0.0,0
0.0,0
0.0,0
0.0,0
0.0,0
0.0,0
0.0,0
0.0,0
0.0,0
0.0,0
0.0,0
0.0,0
0.0,0
0.0,0
0.0,0
0.0,0
0.0,0
0.0,0
0.0,0
0.0,0
0.0,0
0.0,0
0.0,0
0.0,0
0.0,0
0.0,0
0.0,0
0.0,0
0.0,0
0.0,0
0.0,0
0.0,0
0.0,0
0.0,0
0.0,0
0.0,0
0.0,0
0.0,0
0.0,0
0.0,0
0.0,0
0.0,0
0.0,0
0.0,0
0.0,0
0.0,0
0.0,0
0.0,0
0.0,0
0.0,0
0.0,0
0.0,0
0.0,0
0.0,0
0.0,0
0.0,0
0.0,0
0.0,0
0.0,0
0.0,0
0.0,0
0.0,0
0.0,0
0.0,0
0.0,0
0.0,0
0.0,0
0.0,0
0.0,0
0.0,0
0.0,0
0.0,0
0.0,0
0.0,0
0.0,0
23.0,0
26.625,0
27.75,0
29.555555555555557,0
31.428571428571427,0
29.0,0
28.375,0
30.0,0
28.5,0
27.444444444444443,0
34.875,0
24.625,0
30.125,0
23.875,0
20.11111111111111,0
27.11111111111111,0
25.125,0
25.5,0
22.444444444444443,0
23.375,0
24.444444444444443,0
27.77777777777778,0
25.75,0
29.11111111111111,0
28.0,0
29.625,0
25.88888888888889,0
25.375,0
27.555555555555557,0
26.0,0
28.25,0
26.5,0
9.777777777777779,0
7.777777777777778,0
9.0,0
8.777777777777779,0
7.625,0
11.777777777777779,0
13.375,0
19.0,0
9.166666666666666,0
0.0,0
0.0,0
0.0,0
0.0,0
0.0,0
0.0,0
0.0,0
0.0,0
0.0,0
0.0,0
0.0,0
0.0,0
0.0,0
14.875,0
16.0,0
56.77777777777778,0
65.5,0
67.0,0
59.888888888888886,0
60.25,0
66.66666666666667,0
66.875,0
69.25,0
67.0,0
57.875,0
64.25,0
65.88888888888889,0
65.875,0
68.33333333333333,0
64.875,0
67.33333333333333,0
66.375,0
69.625,0
66.44444444444444,0
59.5,0
66.42857142857143,0
65.57142857142857,0
64.0,0
68.11111111111111,0
66.625,0
65.0,0
67.5,0
69.625,0
64.88888888888889,0
63.5,0
62.333333333333336,0
68.875,0
67.22222222222223,0
65.75,0
67.66666666666667,0
61.5,0
63.333333333333336,0
69.375,0
64.88888888888889,0
64.875,0
68.88888888888889,0
0.0,0
59.0,0
69.625,0
68.0,0
63.75,0
63.125,0
63.888888888888886,0
67.75,0
67.0,0
55.0,0
70.0,0
68.55555555555556,0
68.75,0
62.57142857142857,0
59.25,0
62.111111111111114,0
68.0,0
60.75,0
68.0,0
63.333333333333336,0
70.0,0
64.55555555555556,0
68.75,0
54.125,0
64.88888888888889,0
59.44444444444444,0
66.75,0
64.0,0
57.44444444444444,0
66.25,0
66.0,0
55.625,0
63.0,0
54.333333333333336,0
60.25,0
56.333333333333336,0
61.0,0
49.125,0
69.25,0
64.44444444444444,0
57.111111111111114,0
62.0,0
58.25,0
54.111111111111114,0
66.0,0
67.16666666666667,0
61.333333333333336,0
65.25,0
65.375,0
62.666666666666664,0
64.75,0
65.22222222222223,0
57.125,0
58.77777777777778,0
62.875,0
69.625,0
64.75,0
67.625,0
57.125,0
60.375,0
55.55555555555556,0
65.66666666666667,0
60.5,0
62.25,0
64.55555555555556,0
67.5,0
64.5,0
63.22222222222222,0
56.125,0
60.625,0
62.666666666666664,0
63.875,0
59.0,0
63.0,0
64.11111111111111,0
67.22222222222223,0
68.125,0
65.625,0
66.66666666666667,0
68.375,0
68.0,0
69.25,0
65.11111111111111,0
63.125,0
65.44444444444444,0
66.625,0
64.28571428571429,0
64.625,0
51.875,0
54.375,0
39.375,0
36.666666666666664,0
32.55555555555556,0
30.75,0
34.714285714285715,0
36.666666666666664,0
45.166666666666664,0
36.75,0
53.625,0
48.0,0
57.333333333333336,0
63.25,0
59.5,0
62.44444444444444,0
63.77777777777778,0
66.625,0
67.5,0
64.875,0
65.375,0
63.55555555555556,0
59.625,0
63.333333333333336,0
59.375,0
67.44444444444444,0
62.875,0
66.625,0
67.125,0
64.88888888888889,0
65.25,0
64.0,0
66.125,0
64.625,0
65.0,0
66.0,0
65.375,0
67.375,0
65.88888888888889,0
66.0,0
65.625,0
65.5,0
67.22222222222223,0
64.375,0
68.375,0
66.66666666666667,0
62.25,0
66.5,0
63.0,0
65.88888888888889,0
63.375,0
64.125,0
61.75,0
63.125,0
64.44444444444444,0
57.875,0
65.25,0
65.375,0
64.88888888888889,0
65.75,0
61.888888888888886,0
62.875,0
64.125,0
64.14285714285714,0
66.25,0
65.25,0
65.33333333333333,0
66.75,0
63.5,0
62.22222222222222,0
62.625,0
64.0,0
65.625,0
65.375,0
66.11111111111111,0
64.125,0
67.5,0
62.0,0
64.375,0
61.44444444444444,0
66.0,0
62.55555555555556,0
65.25,0
64.75,0
63.875,0
65.5,0
55.75,0
51.333333333333336,0
60.75,0
58.666666666666664,0
58.25,0
62.666666666666664,0
64.625,0
62.25,0
61.5,0
63.25,0
65.375,0
65.0,0
62.25,0
61.0,0
63.875,0
54.0,0
60.75,0
55.125,0
64.5,0
62.666666666666664,0
39.75,0
28.77777777777778,0
32.833333333333336,0
35.77777777777778,0
27.5,0
31.0,0
26.25,0
37.75,0
27.375,0
24.5,0
25.875,0
27.5,0
24.625,0
26.75,0
23.375,0
24.77777777777778,0
27.625,0
27.5,0
26.125,0
28.0,0
28.0,0
25.444444444444443,0
22.75,0
23.875,0
28.375,0
23.11111111111111,0
25.25,0
27.0,0
24.11111111111111,0
26.0,0
26.11111111111111,0
28.125,0
30.88888888888889,0
29.5,0
30.666666666666668,0
38.55555555555556,0
64.625,0
66.44444444444444,0
63.125,0
63.0,0
63.0,0
67.0,0
63.75,0
67.0,0
66.14285714285714,0
64.11111111111111,0
64.0,0
63.888888888888886,0
68.375,0
62.5,0
68.22222222222223,0
66.0,0
68.66666666666667,0
67.125,0
66.66666666666667,0
67.125,0
68.75,0
67.55555555555556,0
66.25,0
66.33333333333333,0
65.44444444444444,0
64.22222222222223,0
68.25,0
69.88888888888889,0
65.625,0
64.125,0
68.0,0
67.0,0
66.625,0
68.0,0
69.0,0
67.0,0
65.5,0
66.125,0
59.888888888888886,0
62.75,0
68.25,0
67.66666666666667,0
64.0,0
66.22222222222223,0
67.42857142857143,0
65.77777777777777,0
67.625,0
67.25,0
65.55555555555556,0
66.375,0
59.111111111111114,0
54.625,0
66.125,0
60.666666666666664,0
65.875,0
68.44444444444444,0
64.0,0
68.5,0
70.0,0
63.111111111111114,0
60.625,0
66.22222222222223,0
67.75,0
68.0,0
66.125,0
67.875,0
62.125,0
66.625,0
67.44444444444444,0
68.0,0
70.0,0
66.66666666666667,0
60.75,0
69.33333333333333,0
66.55555555555556,0
59.875,0
69.25,0
67.55555555555556,0
63.22222222222222,0
64.5,0
59.44444444444444,0
65.0,0
54.142857142857146,0
66.375,0
63.333333333333336,0
68.375,0
68.33333333333333,0
61.125,0
61.125,0
63.111111111111114,0
60.666666666666664,0
66.22222222222223,0
69.5,0
58.875,0
63.0,0
56.375,0
66.25,0
66.875,0
53.625,0
46.57142857142857,0
49.55555555555556,0
65.0,0
62.333333333333336,0
65.28571428571429,0
60.375,0
55.0,0
58.77777777777778,0
59.888888888888886,0
59.25,0
62.0,0
50.77777777777778,0
64.0,0
65.5,0
65.5,0
58.666666666666664,0
67.375,0
64.625,0
61.5,0
65.55555555555556,0
57.75,0
65.125,0
65.11111111111111,0
62.0,0
68.66666666666667,0
57.5,0
66.22222222222223,0
66.75,0
67.75,0
62.125,0
64.88888888888889,0
65.875,0
62.111111111111114,0
63.75,0
64.875,0
66.77777777777777,0
66.0,0
66.875,0
66.5,0
69.55555555555556,0
68.0,0
67.0,0
66.0,0
65.875,0
66.88888888888889,0
65.88888888888889,0
65.375,0
61.875,0
52.333333333333336,0
27.666666666666668,0
31.5,0
33.5,0
30.75,0
61.125,0
60.75,0
45.25,0
40.111111111111114,0
39.625,0
58.142857142857146,0
56.0,0
57.375,0
66.75,0
59.625,0
65.25,0
61.888888888888886,0
62.125,0
67.0,0
65.0,0
61.55555555555556,0
63.625,0
63.111111111111114,0
59.875,0
65.625,0
61.875,0
61.44444444444444,0
65.0,0
60.625,0
59.625,0
62.375,0
60.375,0
63.875,0
61.25,0
66.5,0
62.888888888888886,0
0.0,0
66.5,0
60.0,0
64.75,0
60.77777777777778,0
66.375,0
63.875,0
59.75,0
61.714285714285715,0
60.25,0
58.77777777777778,0
64.625,0
64.125,0
63.111111111111114,0
65.75,0
62.0,0
65.875,0
66.55555555555556,0
65.25,0
55.77777777777778,0
61.714285714285715,0
63.77777777777778,0
65.25,0
63.77777777777778,0
65.875,0
63.375,0
65.0,0
62.125,0
67.11111111111111,0
63.625,0
54.22222222222222,0
65.25,0
65.25,0
61.285714285714285,0
64.55555555555556,0
64.875,0
65.375,0
67.25,0
66.22222222222223,0
65.25,0
63.55555555555556,0
62.625,0
58.875,0
66.66666666666667,0
63.125,0
66.0,0
61.375,0
64.125,0
65.625,0
61.5,0
61.111111111111114,0
62.111111111111114,0
64.625,0
64.0,0
47.125,0
41.375,0
60.75,0
62.25,0
59.44444444444444,0
35.0,0
37.42857142857143,0
32.77777777777778,0
26.11111111111111,0
23.625,0
27.875,0
29.0,0
29.0,0
33.5,0
33.0,0
28.875,0
33.125,0
33.666666666666664,0
26.125,0
23.875,0
28.0,0
28.571428571428573,0
32.625,0
26.11111111111111,0
27.125,0
27.0,0
23.77777777777778,0
31.22222222222222,0
22.25,0
24.5,0
25.444444444444443,0
24.125,0
20.77777777777778,0
28.25,0
26.444444444444443,0
29.125,0
27.125,0
25.22222222222222,0
23.375,0
28.333333333333332,0
30.0,0
22.25,0
28.3,0
30.375,0
31.875,0
34.22222222222222,0
53.125,0
44.888888888888886,0
56.75,0
68.11111111111111,0
65.0,0
63.375,0
61.111111111111114,0
64.125,0
66.88888888888889,0
61.25,0
64.5,0
64.88888888888889,0
65.5,0
66.14285714285714,0
62.333333333333336,0
65.75,0
65.25,0
65.25,0
66.55555555555556,0
66.33333333333333,0
68.875,0
67.625,0
65.25,0
66.66666666666667,0
67.75,0
66.66666666666667,0
65.625,0
67.22222222222223,0
67.375,0
67.0,0
67.44444444444444,0
65.625,0
66.625,0
69.125,0
67.77777777777777,0
67.5,0
67.88888888888889,0
66.75,0
66.44444444444444,0
65.375,0
66.5,0
66.77777777777777,0
67.5,0
59.375,0
66.25,0
66.125,0
66.75,0
68.55555555555556,0
64.75,0
65.22222222222223,0
68.0,0
68.0,0
67.0,0
64.88888888888889,0
68.25,0
69.33333333333333,0
66.625,0
67.25,0
56.55555555555556,0
63.666666666666664,0
66.875,0
68.625,0
69.375,0
55.0,0
0.0,0
63.125,0
65.625,0
57.5,0
68.625,0
64.0,0
69.0,0
69.75,0
63.77777777777778,0
64.75,0
67.33333333333333,0
62.25,0
56.5,0
65.22222222222223,0
66.5,0
69.875,0
64.75,0
66.11111111111111,0
62.625,0
64.25,0
64.44444444444444,0
66.71428571428571,0
65.5,0
67.33333333333333,0
62.625,0
65.0,0
43.375,0
64.0,0
68.25,0
60.666666666666664,0
54.5,0
61.55555555555556,0
58.5,0
55.22222222222222,0
64.875,0
52.0,0
68.375,0
57.888888888888886,0
64.66666666666667,0
60.125,0
66.125,0
60.333333333333336,0
54.125,0
67.66666666666667,0
61.0,0
68.0,0
58.5,0
62.125,0
58.375,0
63.22222222222222,0
62.625,0
64.33333333333333,0
66.33333333333333,0
59.55555555555556,0
61.375,0
63.333333333333336,0
53.875,0
64.0,0
68.5,0
65.875,0
63.75,0
64.875,0
65.33333333333333,0
64.125,0
65.875,0
65.88888888888889,0
60.0,0
67.66666666666667,0
60.42857142857143,0
62.857142857142854,0
64.55555555555556,0
66.875,0
61.625,0
65.0,0
66.625,0
64.5,0
68.5,0
64.55555555555556,0
66.625,0
68.22222222222223,0
67.875,0
68.11111111111111,0
66.375,0
65.55555555555556,0
66.25,0
64.5,0
66.33333333333333,0
62.625,0
63.5,0
61.22222222222222,0
61.125,0
16.333333333333332,0
20.875,0
21.333333333333332,0
22.375,0
25.25,0
36.888888888888886,0
41.5,0
29.333333333333332,0
23.875,0
31.11111111111111,0
40.0,0
64.125,0
64.625,0
67.66666666666667,0
65.375,0
67.625,0
66.44444444444444,0
65.125,0
67.44444444444444,0
66.22222222222223,0
63.42857142857143,0
64.55555555555556,0
64.55555555555556,0
63.0,0
63.888888888888886,0
60.5,0
66.625,0
66.55555555555556,0
66.625,0
66.875,0
67.125,0
65.0,0
63.55555555555556,0
60.75,0
64.125,0
64.77777777777777,0
65.625,0
66.33333333333333,0
65.375,0
64.375,0
68.22222222222223,0
64.55555555555556,0
66.75,0
62.75,0
64.22222222222223,0
63.625,0
63.75,0
57.77777777777778,0
62.75,0
61.75,0
61.111111111111114,0
62.0,0
65.0,0
52.0,0
63.888888888888886,0
58.0,0
56.25,0
61.333333333333336,0
62.125,0
60.0,0
53.5,0
56.333333333333336,0
41.888888888888886,0
34.25,0
46.375,0
58.333333333333336,0
54.42857142857143,0
55.625,0
47.888888888888886,0
51.5,0
48.888888888888886,0
50.75,0
25.125,0
29.5,0
32.666666666666664,0
29.375,0
32.55555555555556,0
34.25,0
32.625,0
26.444444444444443,0
28.5,0
34.75,0
34.666666666666664,0
34.625,0
37.75,0
36.0,0
29.75,0
28.625,0
30.5,0
29.625,0
35.111111111111114,0
32.875,0
30.125,0
27.444444444444443,0
27.25,0
29.666666666666668,0
35.111111111111114,0
36.125,0
30.75,0
25.375,0
28.25,0
27.125,0
26.25,0
54.77777777777778,0
51.333333333333336,0
26.75,0
28.0,0
28.77777777777778,0
27.75,0
28.444444444444443,0
24.0,0
24.75,0
25.125,0
28.88888888888889,0
29.77777777777778,0
29.0,0
26.0,0
29.444444444444443,0
29.25,0
24.625,0
30.666666666666668,0
28.22222222222222,0
27.5,0
32.75,0
29.11111111111111,0
23.0,0
31.5,0
31.0,0
28.166666666666668,0
29.555555555555557,0
33.55555555555556,0
30.77777777777778,0
32.625,0
63.875,0
67.11111111111111,0
66.5,0
67.33333333333333,0
64.55555555555556,0
65.88888888888889,0
60.625,0
65.25,0
64.55555555555556,0
62.875,0
60.0,0
63.125,0
61.22222222222222,0
65.11111111111111,0
61.375,0
65.75,0
66.75,0
65.44444444444444,0
66.5,0
65.77777777777777,0
64.75,0
65.25,0
65.22222222222223,0
69.125,0
64.22222222222223,0
65.5,0
68.0,0
67.375,0
67.0,0
68.125,0
67.375,0
63.25,0
56.44444444444444,0
68.625,0
66.375,0
65.875,0
68.77777777777777,0
65.55555555555556,0
65.0,0
66.44444444444444,0
62.375,0
61.44444444444444,0
67.77777777777777,0
68.5,0
66.88888888888889,0
68.25,0
64.55555555555556,0
66.66666666666667,0
67.0,0
64.875,0
67.22222222222223,0
67.55555555555556,0
67.375,0
66.88888888888889,0
67.77777777777777,0
66.11111111111111,0
67.375,0
60.55555555555556,0
68.0,0
68.125,0
65.77777777777777,0
68.66666666666667,0
67.44444444444444,0
0.0,0
0.0,0
70.0,0
65.0,0
67.77777777777777,0
60.75,0
64.875,0
69.55555555555556,0
63.111111111111114,0
69.66666666666667,0
66.55555555555556,0
67.33333333333333,0
68.11111111111111,0
67.0,0
67.55555555555556,0
66.25,0
59.25,0
63.55555555555556,0
60.111111111111114,0
65.0,0
69.44444444444444,0
61.111111111111114,0
65.88888888888889,0
66.88888888888889,0
63.666666666666664,0
64.55555555555556,0
65.77777777777777,0
60.0,0
66.88888888888889,0
67.33333333333333,0
64.1,0
64.66666666666667,0
62.857142857142854,0
65.66666666666667,0
66.0,0
61.7,0
61.375,0
62.2,0
66.11111111111111,0
68.55555555555556,0
62.22222222222222,0
60.333333333333336,0
67.44444444444444,0
52.888888888888886,0
56.111111111111114,0
63.42857142857143,0
68.625,0
56.875,0
68.375,0
68.875,0
66.0,0
62.22222222222222,0
58.0,0
62.0,0
59.125,0
68.625,0
62.0,0
60.625,0
65.0,0
57.111111111111114,0
61.875,0
64.75,0
63.625,0
64.22222222222223,0
68.22222222222223,0
67.75,0
60.77777777777778,0
67.625,0
62.625,0
59.22222222222222,0
61.875,0
62.0,0
65.5,0
64.375,0
65.33333333333333,0
62.5,0
64.625,0
62.875,0
64.875,0
64.875,0
65.44444444444444,0
65.875,0
66.5,0
63.22222222222222,0
69.25,0
66.875,0
68.5,0
66.25,0
63.125,0
67.0,0
67.55555555555556,0
66.125,0
66.75,0
67.25,0
67.75,0
68.33333333333333,0
64.875,0
67.44444444444444,0
64.875,0
68.625,0
67.5,0
67.11111111111111,0
68.75,0
67.55555555555556,0
67.125,0
66.875,0
65.75,0
67.75,0
67.875,0
68.375,0
66.25,0
66.77777777777777,0
67.875,0
68.25,0
67.44444444444444,0
67.66666666666667,0
68.125,0
68.33333333333333,0
65.33333333333333,0
68.75,0
68.55555555555556,0
66.875,0
67.75,0
67.77777777777777,0
66.375,0
66.88888888888889,0
68.5,0
68.875,0
65.44444444444444,0
66.5,0
66.44444444444444,0
66.25,0
66.0,0
66.875,0
66.5,0
65.875,0
66.11111111111111,0
65.375,0
56.375,0
63.44444444444444,0
60.77777777777778,0
65.875,0
62.0,0
57.22222222222222,0
61.625,0
45.5,0
58.44444444444444,0
63.125,0
56.25,0
59.625,0
35.44444444444444,0
32.625,0
41.625,0
63.55555555555556,0
62.25,0
56.0,0
53.111111111111114,0
53.857142857142854,0
61.77777777777778,0
59.22222222222222,0
67.0,0
63.875,0
58.25,0
64.625,0
63.55555555555556,0
65.55555555555556,0
65.25,0
64.11111111111111,0
65.5,0
64.11111111111111,0
56.5,0
63.5,0
64.44444444444444,0
64.25,0
66.625,0
66.0,0
65.875,0
66.75,0
62.333333333333336,0
63.5,0
60.25,0
62.75,0
62.0,0
61.44444444444444,0
65.625,0
65.0,0
66.5,0
64.88888888888889,0
61.22222222222222,0
67.0,0
67.125,0
67.375,0
63.75,0
62.22222222222222,0
46.22222222222222,0
57.125,0
68.11111111111111,0
66.125,0
68.375,0
63.75,0
65.375,0
68.55555555555556,0
67.875,0
67.375,0
65.5,0
66.875,0
68.44444444444444,0
63.25,0
67.125,0
67.44444444444444,0
68.25,0
67.875,0
66.33333333333333,0
67.5,0
69.5,0
66.75,0
67.375,0
67.75,0
66.0,0
67.42857142857143,0
68.55555555555556,0
68.75,0
69.22222222222223,0
67.75,0
69.11111111111111,0
66.0,0
55.666666666666664,0
65.25,0
63.333333333333336,0
61.125,0
55.55555555555556,0
63.5,0
65.57142857142857,0
65.55555555555556,0
66.25,0
67.0,0
65.88888888888889,0
67.125,0
69.625,0
64.11111111111111,0
64.75,0
68.22222222222223,0
66.375,0
62.333333333333336,0
64.5,0
66.88888888888889,0
60.375,0
61.5,0
50.0,0
63.833333333333336,0
63.666666666666664,0
60.75,0
59.25,0
60.666666666666664,0
62.625,0
63.333333333333336,0
62.75,0
63.111111111111114,0
63.111111111111114,0
63.375,0
62.22222222222222,0
64.11111111111111,0
65.875,0
65.33333333333333,0
62.44444444444444,0
63.875,0
59.55555555555556,0
67.125,0
62.25,0
67.125,0
67.55555555555556,0
68.0,0
64.66666666666667,0
67.0,0
67.33333333333333,0
68.125,0
67.11111111111111,0
67.875,0
65.88888888888889,0
59.5,0
65.625,0
68.5,0
69.625,0
66.75,0
67.77777777777777,0
55.75,0
64.625,0
69.25,0
67.75,0
62.0,0
67.55555555555556,0
69.625,0
66.22222222222223,0
67.375,0
69.88888888888889,0
67.875,0
67.66666666666667,0
64.875,0
63.625,0
69.5,0
69.875,0
68.11111111111111,0
67.125,0
64.375,0
69.33333333333333,0
63.25,0
68.11111111111111,0
66.5,0
68.66666666666667,0
70.0,0
66.57142857142857,0
69.5,0
69.875,0
69.88888888888889,0
67.625,0
63.0,0
68.88888888888889,0
68.5,0
64.0,0
68.33333333333333,0
67.75,0
68.375,0
66.66666666666667,0
65.66666666666667,0
68.0,0
60.22222222222222,0
68.625,0
68.375,0
67.88888888888889,0
65.5,0
66.44444444444444,0
68.125,0
68.0,0
69.16666666666667,0
69.14285714285714,0
58.0,0
68.75,0
68.875,0
68.875,0
59.75,0
65.625,0
68.14285714285714,0
64.88888888888889,0
69.125,0
58.0,0
68.33333333333333,0
67.625,0
63.0,0
68.0,0
69.14285714285714,0
61.375,0
65.5,0
64.33333333333333,0
66.375,0
69.5,0
68.22222222222223,0
68.375,0
67.66666666666667,0
57.22222222222222,0
65.75,0
68.44444444444444,0
69.625,0
67.75,0
69.22222222222223,0
67.125,0
60.77777777777778,0
65.625,0
66.66666666666667,0
67.75,0
69.77777777777777,0
68.125,0
68.0,0
67.66666666666667,0
68.75,0
69.875,0
66.33333333333333,0
68.125,0
65.875,0
69.0,0
68.44444444444444,0
66.75,0
69.0,0
66.875,0
65.44444444444444,0
69.625,0
69.75,0
66.375,0
66.77777777777777,0
69.125,0
69.75,0
68.5,0
68.0,0
66.88888888888889,0
69.75,0
67.66666666666667,0
67.875,0
69.125,0
69.66666666666667,0
67.375,0
69.625,0
69.75,0
67.875,0
68.0,0
68.625,0
68.0,0
69.25,0
69.33333333333333,0
69.0,0
70.0,0
69.11111111111111,0
68.375,0
68.44444444444444,0
70.0,0
66.55555555555556,0
68.875,0
69.125,0
59.5,0
68.57142857142857,0
69.375,0
67.88888888888889,0
68.0,0
69.75,0
69.66666666666667,0
69.0,0
68.5,0
68.625,0
68.625,0
68.22222222222223,0
68.5,0
69.0,0
69.375,0
66.77777777777777,0
68.625,0
68.75,0
60.666666666666664,0
68.25,0
68.0,0
60.375,0
67.5,0
68.11111111111111,0
68.375,0
68.88888888888889,0
64.25,0
68.77777777777777,0
67.125,0
66.125,0
68.25,0
67.66666666666667,0
67.75,0
68.0,0
65.57142857142857,0
69.0,0
69.125,0
68.875,0
67.375,0
69.125,0
68.66666666666667,0
66.875,0
69.66666666666667,0
68.375,0
66.88888888888889,0
63.375,0
67.66666666666667,0
69.375,0
69.375,0
68.5,0
67.375,0
69.33333333333333,0
68.375,0
69.875,0
69.0,0
67.88888888888889,0
60.0,0
68.375,0
69.25,0
69.0,0
68.5,0
68.88888888888889,0
69.625,0
67.375,0
69.0,0
67.375,0
68.22222222222223,0
68.57142857142857,0
69.375,0
68.0,0
69.625,0
68.0,0
69.0,0
69.55555555555556,0
68.625,0
68.0,0
69.55555555555556,0
68.88888888888889,0
67.5,0
67.625,0
69.25,0
69.375,0
69.75,0
69.625,0
69.55555555555556,0
69.625,0
69.0,0
69.125,0
67.875,0
67.22222222222223,0
68.375,0
68.625,0
68.625,0
68.625,0
69.33333333333333,0
69.125,0
66.5,0
68.625,0
69.125,0
68.11111111111111,0
68.625,0
68.88888888888889,0
65.25,0
68.0,0
65.375,0
65.75,0
65.44444444444444,0
67.875,0
58.714285714285715,0
65.44444444444444,0
65.125,0
65.25,0
67.25,0
66.55555555555556,0
67.0,0
67.75,0
67.875,0
68.0,0
68.22222222222223,0
69.42857142857143,0
66.125,0
64.25,0
67.375,0
69.0,0
68.11111111111111,0
67.75,0
66.75,0
69.625,0
66.33333333333333,0
58.75,0
68.75,0
69.11111111111111,0
64.44444444444444,0
69.0,0
67.875,0
68.57142857142857,0
68.44444444444444,0
67.75,0
69.0,0
69.0,0
65.0,0
69.875,0
69.75,0
65.11111111111111,0
68.25,0
69.75,0
68.11111111111111,0
67.0,0
66.0,0
68.33333333333333,0
64.625,0
67.75,0
67.22222222222223,0
69.125,0
65.375,0
65.77777777777777,0
63.875,0
60.375,0
64.33333333333333,0
68.75,0
69.0,0
66.875,0
66.55555555555556,0
69.75,0
65.75,0
70.0,0
68.875,0
69.33333333333333,0
68.0,0
66.5,0
69.55555555555556,0
63.75,0
66.33333333333333,0
65.11111111111111,0
68.125,0
67.25,0
70.0,0
69.0,0
62.0,0
62.625,0
68.88888888888889,0
67.125,0
68.55555555555556,0
67.14285714285714,0
68.0,0
64.625,0
68.22222222222223,0
63.0,0
66.25,0
70.0,0
66.875,0
62.333333333333336,0
67.75,0
62.125,0
61.625,0
60.666666666666664,0
66.33333333333333,0
65.5,0
51.75,0
52.375,0
62.0,0
69.125,0
61.75,0
66.33333333333333,0
56.625,0
70.0,0
49.0,0
66.25,0
59.333333333333336,0
62.75,0
57.25,0
61.22222222222222,0
60.125,0
62.0,0
66.44444444444444,0
64.625,0
58.0,0
65.5,0
62.77777777777778,0
60.0,0
59.75,0
66.11111111111111,0
58.25,0
62.55555555555556,0
64.375,0
67.625,0
63.75,0
67.55555555555556,0
64.875,0
64.77777777777777,0
66.25,0
61.625,0
68.125,0
67.22222222222223,0
67.75,0
67.5,0
66.125,0
65.11111111111111,0
68.44444444444444,0
61.875,0
63.625,0
66.44444444444444,0
64.0,0
64.33333333333333,0
66.375,0
62.875,0
66.875,0
55.375,0
65.22222222222223,0
60.75,0
45.25,0
31.5,0
35.77777777777778,0
29.875,0
45.375,0
61.5,0
54.0,0
63.125,0
67.22222222222223,0
65.71428571428571,0
64.22222222222223,0
62.75,0
64.77777777777777,0
61.125,0
64.25,0
65.28571428571429,0
63.22222222222222,0
64.875,0
65.875,0
64.0,0
66.625,0
63.22222222222222,0
66.375,0
65.55555555555556,0
66.5,0
67.5,0
66.11111111111111,0
66.11111111111111,0
63.714285714285715,0
65.44444444444444,0
64.75,0
58.625,0
66.375,0
65.88888888888889,0
68.125,0
65.5,0
64.44444444444444,0
65.25,0
66.0,0
63.875,0
64.88888888888889,0
64.75,0
62.666666666666664,0
64.375,0
68.66666666666667,0
65.125,0
63.333333333333336,0
63.5,0
66.25,0
65.66666666666667,0
65.25,0
64.0,0
64.5,0
66.44444444444444,0
65.625,0
65.5,0
63.111111111111114,0
64.55555555555556,0
64.625,0
63.25,0
61.625,0
61.125,0
65.33333333333333,0
67.75,0
66.22222222222223,0
62.0,0
65.77777777777777,0
67.25,0
61.375,0
65.11111111111111,0
64.75,0
66.375,0
63.44444444444444,0
63.5,0
64.88888888888889,0
66.14285714285714,0
64.75,0
63.333333333333336,0
65.22222222222223,0
68.75,0
63.888888888888886,0
63.875,0
63.25,0
60.333333333333336,0
62.0,0
64.33333333333333,0
63.111111111111114,0
66.75,0
66.25,0
63.77777777777778,0
64.44444444444444,0
62.75,0
34.5,0
32.0,0
60.25,0
52.333333333333336,0
30.875,0
30.77777777777778,0
51.375,0
66.55555555555556,0
58.625,0
38.625,0
57.0,0
61.0,0
56.5,0
65.44444444444444,0
52.625,0
39.111111111111114,0
58.375,0
30.375,0
26.11111111111111,0
32.75,0
29.333333333333332,0
29.285714285714285,0
24.125,0
22.666666666666668,0
23.125,0
25.77777777777778,0
25.125,0
27.555555555555557,0
27.5,0
31.555555555555557,0
28.11111111111111,0
33.0,0
29.75,0
31.25,0
24.75,0
29.875,0
26.75,0
28.0,0
27.22222222222222,0
32.5,0
63.55555555555556,0
66.11111111111111,0
65.5,0
68.875,0
63.5,0
65.77777777777777,0
67.66666666666667,0
65.85714285714286,0
65.375,0
66.66666666666667,0
62.77777777777778,0
66.375,0
59.333333333333336,0
63.125,0
64.125,0
68.33333333333333,0
67.375,0
65.77777777777777,0
63.125,0
64.0,0
69.0,0
68.625,0
64.375,0
66.75,0
67.22222222222223,0
67.0,0
67.0,0
67.0,0
67.8,0
66.875,0
67.66666666666667,0
67.0,0
68.5,0
65.5,0
63.666666666666664,0
68.5,0
68.25,0
68.57142857142857,0
63.0,0
65.0,0
67.125,0
67.25,0
65.0,0
65.625,0
68.375,0
66.11111111111111,0
58.666666666666664,0
64.77777777777777,0
65.125,0
52.875,0
65.75,0
66.25,0
64.33333333333333,0
63.25,0
61.55555555555556,0
59.5,0
66.0,0
68.75,0
63.888888888888886,0
65.875,0
64.77777777777777,0
65.125,0
68.875,0
61.25,0
66.0,0
67.0,0
61.0,0
64.25,0
63.0,0
60.875,0
66.44444444444444,0
67.375,0
68.88888888888889,0
68.0,0
60.22222222222222,0
64.125,0
60.666666666666664,0
64.125,0
68.55555555555556,0
68.125,0
65.0,0
65.44444444444444,0
61.22222222222222,0
58.375,0
67.22222222222223,0
67.0,0
54.5,0
52.5,0
60.75,0
53.666666666666664,0
65.5,0
61.44444444444444,0
58.5,0
65.375,0
54.888888888888886,0
67.25,0
58.666666666666664,0
61.75,0
62.75,0
59.333333333333336,0
69.5,0
68.25,0
58.0,0
58.55555555555556,0
44.375,0
56.375,0
60.0,0
47.625,0
58.888888888888886,0
66.33333333333333,0
65.25,0
59.4,0
50.875,0
65.625,0
57.77777777777778,0
59.0,0
52.666666666666664,0
58.125,0
59.44444444444444,0
63.0,0
64.11111111111111,0
69.22222222222223,0
59.125,0
57.5,0
64.22222222222223,0
61.25,0
64.33333333333333,0
59.77777777777778,0
60.5,0
61.5,0
65.0,0
57.142857142857146,0
69.33333333333333,0
65.875,0
67.0,0
65.5,0
61.625,0
64.11111111111111,0
65.25,0
62.77777777777778,0
65.0,0
67.22222222222223,0
64.5,0
66.44444444444444,0
64.5,0
66.625,0
65.44444444444444,0
66.55555555555556,0
66.5,0
65.33333333333333,0
66.625,0
62.57142857142857,0
64.66666666666667,0
64.25,0
64.0,0
63.285714285714285,0
58.75,0
33.75,0
41.333333333333336,0
40.5,0
56.55555555555556,0
67.375,0
64.77777777777777,0
66.0,0
60.75,0
65.77777777777777,0
66.55555555555556,0
64.25,0
64.125,0
65.25,0
65.11111111111111,0
67.14285714285714,0
64.22222222222223,0
67.375,0
65.44444444444444,0
67.5,0
63.0,0
67.22222222222223,0
65.75,0
66.75,0
65.5,0
66.0,0
64.77777777777777,0
66.0,0
64.375,0
65.85714285714286,0
65.33333333333333,0
64.5,0
66.375,0
63.875,0
66.625,0
64.55555555555556,0
65.75,0
66.75,0
63.625,0
64.77777777777777,0
67.22222222222223,0
67.0,0
65.875,0
63.875,0
56.666666666666664,0
64.375,0
63.5,0
63.77777777777778,0
65.0,0
62.375,0
59.111111111111114,0
61.75,0
65.22222222222223,0
66.125,0
66.11111111111111,0
68.0,0
66.33333333333333,0
60.125,0
64.25,0
63.888888888888886,0
65.0,0
66.22222222222223,0
64.625,0
63.75,0
66.33333333333333,0
62.125,0
62.888888888888886,0
63.875,0
61.44444444444444,0
60.0,0
56.625,0
62.55555555555556,0
65.75,0
65.75,0
65.44444444444444,0
64.75,0
65.66666666666667,0
65.0,0
59.375,0
63.75,0
56.666666666666664,0
63.625,0
48.625,0
61.22222222222222,0
65.375,0
61.75,0
61.22222222222222,0
66.25,0
63.25,0
55.77777777777778,0
50.75,0
60.0,0
65.66666666666667,0
66.0,0
66.0,0
55.25,0
58.55555555555556,0
44.857142857142854,0
56.875,0
63.125,0
61.875,0
38.375,0
28.0,0
28.0,0
26.625,0
26.22222222222222,0
24.125,0
25.88888888888889,0
28.0,0
27.333333333333332,0
27.375,0
28.0,0
28.875,0
26.22222222222222,0
24.625,0
26.75,0
22.0,0
23.875,0
25.88888888888889,0
27.444444444444443,0
24.875,0
25.375,0
24.0,0
27.875,0
24.5,0
28.0,0
27.333333333333332,0
26.5,0
33.55555555555556,0
28.0,0
28.714285714285715,0
28.25,0
30.333333333333332,0
28.875,0
19.25,0
17.0,0
19.75,0
17.444444444444443,0
16.75,0
21.555555555555557,0
19.75,0
26.0,0
31.625,0
32.333333333333336,0
45.111111111111114,0
52.375,0
52.25,0
65.25,0
64.375,0
65.44444444444444,0
67.75,0
66.625,0
66.875,0
66.75,0
66.11111111111111,0
66.5,0
65.44444444444444,0
67.5,0
65.875,0
67.375,0
62.625,0
67.88888888888889,0
65.375,0
65.44444444444444,0
59.6,0
67.25,0
67.66666666666667,0
65.125,0
64.66666666666667,0
58.375,0
67.55555555555556,0
69.125,0
66.44444444444444,0
67.75,0
65.875,0
65.5,0
65.44444444444444,0
68.875,0
67.375,0
66.66666666666667,0
66.5,0
68.625,0
67.75,0
65.88888888888889,0
63.875,0
67.0,0
66.875,0
65.11111111111111,0
67.125,0
68.25,0
68.44444444444444,0
67.375,0
67.5,0
68.5,0
65.0,0
66.77777777777777,0
69.11111111111111,0
62.285714285714285,0
66.33333333333333,0
65.57142857142857,0
66.22222222222223,0
67.375,0
65.77777777777777,0
65.125,0
67.75,0
64.5,0
64.125,0
62.5,0
65.0,0
66.11111111111111,0
66.71428571428571,0
61.55555555555556,0
66.0,0
63.875,0
69.625,0
64.25,0
67.0,0
62.25,0
69.25,0
54.333333333333336,0
63.125,0
63.125,0
59.44444444444444,0
62.625,0
60.111111111111114,0
60.75,0
55.625,0
53.77777777777778,0
63.5,0
57.375,0
59.875,0
66.0,0
61.25,0
64.77777777777777,0
58.75,0
64.375,0
67.25,0
64.22222222222223,0
69.75,0
58.625,0
64.75,0
62.111111111111114,0
61.44444444444444,0
67.33333333333333,0
58.625,0
58.77777777777778,0
67.125,0
67.55555555555556,0
59.125,0
65.0,0
57.55555555555556,0
66.75,0
66.44444444444444,0
63.875,0
64.66666666666667,0
64.25,0
66.88888888888889,0
64.0,0
58.111111111111114,0
62.25,0
62.375,0
61.111111111111114,0
64.25,0
65.66666666666667,0
65.75,0
65.44444444444444,0
65.25,0
66.33333333333333,0
65.875,0
62.875,0
66.125,0
66.88888888888889,0
67.875,0
67.22222222222223,0
68.625,0
68.11111111111111,0
65.375,0
59.0,0
67.625,0
66.88888888888889,0
66.0,0
67.0,0
64.75,0
65.88888888888889,0
67.625,0
67.11111111111111,0
66.0,0
63.125,0
47.333333333333336,0
45.0,0
42.55555555555556,0
59.875,0
64.0,0
62.111111111111114,0
64.5,0
63.111111111111114,0
66.25,0
64.75,0
64.85714285714286,0
65.375,0
67.88888888888889,0
67.5,0
66.75,0
60.25,0
66.77777777777777,0
67.22222222222223,0
66.5,0
65.5,0
67.11111111111111,0
68.0,0
66.44444444444444,0
66.0,0
65.25,0
62.25,0
65.22222222222223,0
65.25,0
58.44444444444444,0
65.0,0
64.375,0
64.5,0
63.77777777777778,0
63.375,0
65.33333333333333,0
64.28571428571429,0
62.0,0
65.55555555555556,0
66.875,0
67.625,0
62.44444444444444,0
65.22222222222223,0
65.75,0
64.33333333333333,0
61.875,0
65.44444444444444,0
67.5,0
64.625,0
67.0,0
64.44444444444444,0
66.875,0
65.88888888888889,0
64.5,0
63.0,0
58.375,0
60.55555555555556,0
61.375,0
55.5,0
57.111111111111114,0
62.0,0
62.111111111111114,0
65.0,0
62.111111111111114,0
65.625,0
61.5,0
64.33333333333333,0
65.11111111111111,0
64.625,0
60.22222222222222,0
61.625,0
64.25,0
61.714285714285715,0
63.111111111111114,0
65.5,0
65.44444444444444,0
60.875,0
64.44444444444444,0
63.25,0
62.833333333333336,0
64.25,0
58.333333333333336,0
65.75,0
64.22222222222223,0
62.375,0
62.625,0
62.22222222222222,0
62.0,0
63.55555555555556,0
62.25,0
36.0,0
37.125,0
53.0,0
42.22222222222222,0
37.77777777777778,0
63.5,0
61.333333333333336,0
40.25,0
29.5,0
41.75,0
64.77777777777777,0
64.33333333333333,0
43.25,0
27.125,0
32.111111111111114,0
27.5,0
27.25,0
29.444444444444443,0
31.333333333333332,0
28.125,0
34.5,0
31.142857142857142,0
31.666666666666668,0
29.375,0
27.22222222222222,0
25.375,0
22.333333333333332,0
26.625,0
30.375,0
27.22222222222222,0
25.875,0
26.375,0
27.555555555555557,0
28.625,0
30.0,0
31.5,0
28.77777777777778,0
25.25,0
22.25,0
25.88888888888889,0
24.375,0
25.555555555555557,0
27.75,0
27.77777777777778,0
30.88888888888889,0
35.666666666666664,0
30.625,0
27.75,0
42.22222222222222,0
62.875,0
65.25,0
64.77777777777777,0
67.0,0
66.625,0
66.875,0
63.857142857142854,0
65.33333333333333,0
65.5,0
65.77777777777777,0
64.25,0
63.375,0
64.22222222222223,0
67.33333333333333,0
66.125,0
63.44444444444444,0
67.77777777777777,0
65.55555555555556,0
59.75,0
67.625,0
67.11111111111111,0
67.75,0
69.42857142857143,0
67.75,0
67.88888888888889,0
67.22222222222223,0
64.875,0
60.77777777777778,0
68.0,0
66.77777777777777,0
66.77777777777777,0
68.75,0
68.125,0
66.77777777777777,0
66.0,0
67.625,0
65.33333333333333,0
67.25,0
65.625,0
68.0,0
65.55555555555556,0
69.625,0
66.875,0
66.66666666666667,0
69.375,0
67.5,0
66.0,0
66.0,0
65.625,0
65.55555555555556,0
69.0,0
69.55555555555556,0
67.0,0
65.875,0
58.55555555555556,0
66.28571428571429,0
65.42857142857143,0
64.88888888888889,0
64.375,0
64.77777777777777,0
69.0,0
69.11111111111111,0
66.25,0
64.22222222222223,0
63.25,0
66.0,0
63.22222222222222,0
65.875,0
61.77777777777778,0
58.75,0
68.88888888888889,0
54.0,0
63.0,0
61.22222222222222,0
58.25,0
68.75,0
63.0,0
68.625,0
59.111111111111114,0
66.125,0
64.5,0
63.666666666666664,0
68.25,0
66.88888888888889,0
66.22222222222223,0
62.875,0
60.75,0
62.666666666666664,0
67.88888888888889,0
60.0,0
62.333333333333336,0
68.375,0
63.44444444444444,0
60.333333333333336,0
56.125,0
57.25,0
59.77777777777778,0
61.111111111111114,0
54.375,0
67.75,0
60.25,0
63.333333333333336,0
64.875,0
61.875,0
58.44444444444444,0
66.33333333333333,0
66.85714285714286,0
66.55555555555556,0
52.5,0
63.55555555555556,0
66.0,0
69.0,0
59.5,0
60.77777777777778,0
61.125,0
63.55555555555556,0
65.88888888888889,0
60.75,0
65.0,0
63.333333333333336,0
59.875,0
65.25,0
66.57142857142857,0
64.22222222222223,0
64.875,0
61.875,0
62.55555555555556,0
64.375,0
68.0,0
63.5,0
62.111111111111114,0
65.71428571428571,0
66.55555555555556,0
67.0,0
67.0,0
65.0,0
63.55555555555556,0
67.66666666666667,0
67.42857142857143,0
67.75,0
67.125,0
68.125,0
66.55555555555556,0
65.25,0
66.5,0
59.888888888888886,0
57.25,0
63.75,0
55.22222222222222,0
61.875,0
43.55555555555556,0
57.25,0
34.5,0
63.25,0
62.111111111111114,0
64.57142857142857,0
65.85714285714286,0
61.75,0
67.125,0
64.375,0
63.0,0
63.111111111111114,0
66.5,0
66.22222222222223,0
64.5,0
64.0,0
67.625,0
67.55555555555556,0
66.625,0
66.25,0
67.66666666666667,0
65.5,0
65.75,0
65.77777777777777,0
65.25,0
66.625,0
65.33333333333333,0
66.375,0
63.888888888888886,0
66.75,0
65.22222222222223,0
66.125,0
65.0,0
66.55555555555556,0
66.75,0
66.75,0
64.77777777777777,0
65.0,0
65.77777777777777,0
65.625,0
65.625,0
64.0,0
65.0,0
64.44444444444444,0
59.25,0
65.33333333333333,0
65.75,0
65.125,0
66.22222222222223,0
67.75,0
65.0,0
67.125,0
64.625,0
61.75,0
56.888888888888886,0
64.875,0
65.33333333333333,0
65.375,0
62.25,0
64.66666666666667,0
63.55555555555556,0
65.75,0
65.44444444444444,0
63.77777777777778,0
64.0,0
65.77777777777777,0
66.125,0
64.0,0
64.22222222222223,0
65.5,0
65.0,0
67.33333333333333,0
63.625,0
64.44444444444444,0
63.375,0
66.0,0
65.55555555555556,0
60.75,0
61.111111111111114,0
63.5,0
62.77777777777778,0
64.75,0
51.875,0
44.111111111111114,0
51.875,0
57.55555555555556,0
65.25,0
56.0,0
61.75,0
60.0,0
30.0,0
29.333333333333332,0
30.125,0
55.625,0
62.22222222222222,0
51.666666666666664,0
32.375,0
30.333333333333332,0
29.88888888888889,0
42.888888888888886,0
63.75,0
41.111111111111114,0
34.375,0
31.375,0
33.333333333333336,0
28.875,0
34.44444444444444,0
27.0,0
29.25,0
27.22222222222222,0
28.333333333333332,0
28.75,0
25.5,0
27.0,0
26.11111111111111,0
26.285714285714285,0
28.444444444444443,0
23.5,0
25.0,0
28.22222222222222,0
25.875,0
24.88888888888889,0
25.75,0
29.11111111111111,0
27.375,0
29.375,0
27.11111111111111,0
25.125,0
26.5,0
24.22222222222222,0
31.25,0
30.25,0
33.5,0
28.25,0
28.666666666666668,0
27.75,0
48.888888888888886,0
66.5,0
63.44444444444444,0
65.5,0
64.33333333333333,0
61.75,0
63.77777777777778,0
62.57142857142857,0
64.625,0
65.66666666666667,0
65.125,0
68.11111111111111,0
67.375,0
67.66666666666667,0
65.625,0
63.25,0
65.66666666666667,0
63.75,0
65.0,0
64.625,0
69.375,0
67.75,0
62.55555555555556,0
64.875,0
66.875,0
64.66666666666667,0
64.875,0
67.625,0
64.44444444444444,0
66.33333333333333,0
67.75,0
64.75,0
66.0,0
65.875,0
67.375,0
68.14285714285714,0
67.125,0
65.66666666666667,0
68.5,0
68.33333333333333,0
65.0,0
65.625,0
64.85714285714286,0
69.11111111111111,0
66.88888888888889,0
68.25,0
62.333333333333336,0
62.55555555555556,0
65.75,0
68.0,0
64.0,0
66.5,0
69.11111111111111,0
68.875,0
69.77777777777777,0
66.5,0
66.375,0
63.111111111111114,0
67.75,0
67.66666666666667,0
66.77777777777777,0
63.42857142857143,0
63.5,0
65.5,0
57.625,0
63.666666666666664,0
68.125,0
63.5,0
67.55555555555556,0
61.57142857142857,0
67.625,0
61.0,0
66.55555555555556,0
64.88888888888889,0
55.375,0
61.875,0
64.0,0
68.75,0
65.25,0
68.88888888888889,0
64.375,0
63.77777777777778,0
66.125,0
62.625,0
66.77777777777777,0
66.14285714285714,0
61.375,0
69.11111111111111,0
58.125,0
67.0,0
61.666666666666664,0
59.5,0
66.44444444444444,0
63.875,0
64.875,0
63.888888888888886,0
54.25,0
45.888888888888886,0
68.875,0
55.666666666666664,0
63.77777777777778,0
63.875,0
60.375,0
66.5,0
68.33333333333333,0
56.75,0
59.666666666666664,0
61.857142857142854,0
65.875,0
54.875,0
69.66666666666667,0
65.875,0
49.875,0
63.55555555555556,0
60.77777777777778,0
52.875,0
56.875,0
58.111111111111114,0
64.25,0
60.888888888888886,0
62.111111111111114,0
65.5,0
60.5,0
66.0,0
62.0,0
64.11111111111111,0
68.25,0
60.22222222222222,0
65.66666666666667,0
62.875,0
65.88888888888889,0
66.28571428571429,0
63.875,0
59.666666666666664,0
62.875,0
65.75,0
65.55555555555556,0
64.44444444444444,0
67.88888888888889,0
65.75,0
65.55555555555556,0
65.875,0
67.25,0
66.5,0
68.88888888888889,0
67.125,0
64.22222222222223,0
66.375,0
65.0,0
68.75,0
65.5,0
63.55555555555556,0
60.833333333333336,0
65.22222222222223,0
63.77777777777778,0
67.875,0
58.77777777777778,0
66.625,0
63.666666666666664,0
66.16666666666667,0
64.85714285714286,0
66.33333333333333,0
63.375,0
67.125,0
60.111111111111114,0
65.625,0
65.625,0
67.0,0
65.25,0
66.66666666666667,0
66.375,0
65.625,0
65.625,0
65.625,0
66.625,0
66.66666666666667,0
64.28571428571429,0
68.22222222222223,0
57.625,0
59.375,0
64.44444444444444,0
63.888888888888886,0
65.5,0
65.88888888888889,0
64.88888888888889,0
63.0,0
66.77777777777777,0
66.375,0
67.0,0
67.0,0
64.44444444444444,0
64.33333333333333,0
65.875,0
64.66666666666667,0
67.875,0
60.111111111111114,0
67.125,0
67.11111111111111,0
66.625,0
67.25,0
67.88888888888889,0
66.75,0
63.44444444444444,0
64.375,0
46.5,0
54.55555555555556,0
64.0,0
56.0,0
51.875,0
62.22222222222222,0
63.25,0
63.25,0
59.25,0
62.77777777777778,0
63.285714285714285,0
61.0,0
63.5,0
60.875,0
64.125,0
63.75,0
61.375,0
66.66666666666667,0
60.888888888888886,0
37.285714285714285,0
53.55555555555556,0
63.125,0
61.0,0
59.875,0
64.625,0
54.77777777777778,0
35.111111111111114,0
44.75,0
61.125,0
44.44444444444444,0
35.75,0
61.44444444444444,0
65.25,0
44.0,0
37.25,0
45.875,0
27.333333333333332,0
34.0,0
30.375,0
34.0,0
35.44444444444444,0
36.625,0
56.666666666666664,0
41.22222222222222,0
26.125,0
34.0,0
32.22222222222222,0
28.166666666666668,0
27.75,0
26.0,0
29.875,0
31.25,0
27.11111111111111,0
25.77777777777778,0
28.0,0
27.333333333333332,0
25.22222222222222,0
31.0,0
29.625,0
24.444444444444443,0
27.875,0
25.444444444444443,0
25.5,0
27.875,0
30.444444444444443,0
35.375,0
32.888888888888886,0
26.0,0
27.125,0
28.25,0
29.5,0
31.11111111111111,0
28.555555555555557,0
31.75,0
30.0,0
32.625,0
53.55555555555556,0
68.5,0
67.11111111111111,0
65.88888888888889,0
65.71428571428571,0
67.875,0
68.625,0
60.44444444444444,0
68.625,0
66.55555555555556,0
62.875,0
67.33333333333333,0
68.11111111111111,0
69.125,0
66.5,0
66.0,0
66.0,0
65.25,0
66.0,0
63.0,0
65.625,0
65.75,0
63.375,0
67.0,0
62.888888888888886,0
65.875,0
66.66666666666667,0
66.375,0
66.25,0
66.0,0
66.25,0
64.625,0
68.22222222222223,0
65.75,0
67.33333333333333,0
66.25,0
65.0,0
67.375,0
68.16666666666667,0
66.33333333333333,0
67.75,0
67.77777777777777,0
67.625,0
66.625,0
65.77777777777777,0
66.75,0
66.33333333333333,0
65.625,0
67.11111111111111,0
66.0,0
66.5,0
66.55555555555556,0
68.125,0
66.0,0
67.22222222222223,0
66.25,0
67.0,0
66.22222222222223,0
64.125,0
65.44444444444444,0
67.375,0
63.75,0
66.66666666666667,0
65.875,0
67.25,0
69.44444444444444,0
67.125,0
67.0,0
61.55555555555556,0
66.71428571428571,0
68.33333333333333,0
64.42857142857143,0
69.125,0
68.0,0
68.22222222222223,0
66.25,0
67.11111111111111,0
69.375,0
65.125,0
66.88888888888889,0
67.0,0
66.75,0
65.875,0
67.66666666666667,0
64.0,0
66.77777777777777,0
64.75,0
69.875,0
65.88888888888889,0
66.25,0
65.88888888888889,0
65.75,0
68.77777777777777,0
69.75,0
69.25,0
69.33333333333333,0
67.0,0
58.625,0
65.875,0
61.55555555555556,0
69.5,0
69.375,0
68.11111111111111,0
56.125,0
64.125,0
63.75,0
62.44444444444444,0
63.75,0
58.333333333333336,0
59.25,0
62.22222222222222,0
66.25,0
63.125,0
68.875,0
63.44444444444444,0
65.16666666666667,0
65.57142857142857,0
58.111111111111114,0
69.25,0
64.66666666666667,0
65.5,0
65.0,0
63.625,0
67.11111111111111,0
61.25,0
62.888888888888886,0
69.5,0
60.55555555555556,0
58.5,0
54.875,0
68.625,0
65.33333333333333,0
60.25,0
57.0,0
64.375,0
64.33333333333333,0
62.625,0
64.88888888888889,0
67.125,0
65.55555555555556,0
63.25,0
64.22222222222223,0
62.875,0
65.22222222222223,0
68.44444444444444,0
66.625,0
66.55555555555556,0
66.5,0
64.5,0
65.77777777777777,0
67.55555555555556,0
65.5,0
64.0,0
68.77777777777777,0
65.125,0
68.88888888888889,0
65.0,0
67.55555555555556,0
68.5,0
68.0,0
68.33333333333333,0
68.5,0
67.25,0
68.88888888888889,0
68.5,0
68.55555555555556,0
66.375,0
67.875,0
68.0,0
68.0,0
67.66666666666667,0
68.0,0
68.44444444444444,0
69.0,0
69.11111111111111,0
68.875,0
68.875,0
68.11111111111111,0
68.44444444444444,0
59.375,0
68.22222222222223,0
60.75,0
68.5,0
69.44444444444444,0
69.22222222222223,0
67.125,0
67.44444444444444,0
69.33333333333333,0
63.111111111111114,0
69.125,0
67.0,0
68.0,0
67.44444444444444,0
65.125,0
66.66666666666667,0
63.625,0
66.22222222222223,0
64.875,0
66.66666666666667,0
66.88888888888889,0
67.375,0
67.0,0
67.625,0
67.71428571428571,0
66.88888888888889,0
67.75,0
65.55555555555556,0
68.125,0
66.11111111111111,0
66.625,0
65.375,0
66.875,0
66.55555555555556,0
68.44444444444444,0
67.25,0
63.666666666666664,0
64.75,0
66.77777777777777,0
54.25,0
64.88888888888889,0
67.875,0
67.55555555555556,0
68.5,0
67.25,0
67.33333333333333,0
67.0,0
68.66666666666667,0
67.125,0
64.125,0
67.5,0
67.125,0
67.25,0
67.0,0
67.375,0
67.0,0
66.875,0
63.75,0
62.0,0
63.55555555555556,0
67.875,0
66.125,0
59.0,0
63.625,0
68.25,0
67.22222222222223,0
65.5,0
65.625,0
64.44444444444444,0
67.11111111111111,0
66.875,0
64.55555555555556,0
64.75,0
68.33333333333333,0
68.33333333333333,0
65.375,0
65.5,0
65.77777777777777,0
66.625,0
66.625,0
67.55555555555556,0
57.25,0
68.11111111111111,0
68.375,0
65.22222222222223,0
67.625,0
68.0,0
65.22222222222223,0
69.25,0
69.5,0
59.625,0
61.77777777777778,0
68.75,0
68.66666666666667,0
69.0,0
68.0,0
69.33333333333333,0
69.11111111111111,0
68.5,0
67.44444444444444,0
68.875,0
69.33333333333333,0
69.25,0
69.11111111111111,0
66.0,0
68.75,0
67.77777777777777,0
56.0,0
57.333333333333336,0
53.44444444444444,0
68.875,0
68.33333333333333,0
69.22222222222223,0
69.14285714285714,0
68.0,0
68.375,0
69.125,0
65.55555555555556,0
68.875,0
65.0,0
66.77777777777777,0
65.5,0
68.0,0
67.44444444444444,0
68.875,0
66.66666666666667,0
65.875,0
67.0,0
64.0,0
69.0,0
64.22222222222223,0
67.375,0
64.33333333333333,0
68.375,0
66.75,0
66.55555555555556,0
67.44444444444444,0
65.875,0
67.375,0
66.66666666666667,0
66.25,0
66.33333333333333,0
69.11111111111111,0
66.5,0
68.375,0
67.875,0
60.55555555555556,0
60.375,0
68.22222222222223,0
68.33333333333333,0
68.71428571428571,0
69.11111111111111,0
67.5,0
69.0,0
66.66666666666667,0
68.375,0
65.77777777777777,0
62.44444444444444,0
69.125,0
68.11111111111111,0
60.875,0
66.25,0
68.11111111111111,0
68.75,0
64.375,0
58.44444444444444,0
35.25,0
22.11111111111111,0
30.22222222222222,0
15.375,0
46.5,0
55.0,0
70.0,0
47.0,0
70.0,0
70.0,0
63.44444444444444,0
30.875,0
17.25,0
70.0,0
62.44444444444444,0
70.0,0
70.0,0
70.0,0
70.0,0
70.0,0
70.0,0
70.0,0
70.0,0
0.0,0
0.0,0
0.0,0
0.0,0
0.0,0
0.0,0
0.0,0
0.0,0
0.0,0
0.0,0
0.0,0
0.0,0
0.0,0
0.0,0
0.0,0
0.0,0
0.0,0
0.0,0
0.0,0
0.0,0
0.0,0
0.0,0
0.0,0
0.0,0
0.0,0
0.0,0
0.0,0
0.0,0
0.0,0
0.0,0
0.0,0
0.0,0
0.0,0
0.0,0
0.0,0
70.0,0
70.0,0
0.0,0
0.0,0
0.0,0
0.0,0
0.0,0
0.0,0
0.0,0
0.0,0
0.0,0
0.0,0
0.0,0
0.0,0
0.0,0
0.0,0
0.0,0
0.0,0
0.0,0
0.0,0
0.0,0
0.0,0
0.0,0
0.0,0
0.0,0
0.0,0
0.0,0
0.0,0
0.0,0
0.0,0
0.0,0
0.0,0
0.0,0
0.0,0
0.0,0
0.0,0
0.0,0
0.0,0
0.0,0
0.0,0
0.0,0
0.0,0
0.0,0
0.0,0
0.0,0
0.0,0
0.0,0
0.0,0
0.0,0
0.0,0
0.0,0
0.0,0
0.0,0
0.0,0
0.0,0
0.0,0
0.0,0
0.0,0
0.0,0
0.0,0
0.0,0
0.0,0
0.0,0
0.0,0
0.0,0
0.0,0
0.0,0
0.0,0
0.0,0
0.0,0
0.0,0
0.0,0
0.0,0
0.0,0
0.0,0
0.0,0
0.0,0
0.0,0
0.0,0
0.0,0
0.0,0
0.0,0
0.0,0
0.0,0
0.0,0
0.0,0
0.0,0
0.0,0
0.0,0
0.0,0
0.0,0
0.0,0
0.0,0
0.0,0
0.0,0
0.0,0
0.0,0
0.0,0
0.0,0
0.0,0
0.0,0
0.0,0
0.0,0
0.0,0
0.0,0
0.0,0
0.0,0
0.0,0
0.0,0
0.0,0
0.0,0
0.0,0
0.0,0
0.0,0
0.0,0
0.0,0
0.0,0
0.0,0
0.0,0
0.0,0
0.0,0
0.0,0
0.0,0
0.0,0
0.0,0
0.0,0
0.0,0
0.0,0
0.0,0
22.333333333333332,0
23.625,0
22.375,0
20.11111111111111,0
23.0,0
22.555555555555557,0
20.625,0
22.444444444444443,0
21.125,0
20.0,0
19.5,0
20.11111111111111,0
19.666666666666668,0
20.875,0
19.25,0
17.666666666666668,0
17.625,0
16.75,0
15.285714285714286,0
0.0,0
0.0,0
0.0,0
0.0,0
16.625,0
0.0,0
23.0,0
17.333333333333332,0
0.0,0
0.0,0
17.75,0
15.666666666666666,0
16.666666666666668,0
0.0,0
0.0,0
0.0,0
0.0,0
0.0,0
0.0,0
0.0,0
0.0,0
0.0,0
0.0,0
0.0,0
0.0,0
0.0,0
0.0,0
0.0,0
0.0,0
0.0,0
0.0,0
0.0,0
0.0,0
0.0,0
0.0,0
0.0,0
0.0,0
0.0,0
19.4,0
18.375,0
17.555555555555557,0
18.875,0
17.666666666666668,0
15.25,0
14.0,0
0.0,0
0.0,0
0.0,0
0.0,0
0.0,0
0.0,0
0.0,0
0.0,0
0.0,0
0.0,0
0.0,0
0.0,0
0.0,0
0.0,0
0.0,0
0.0,0
0.0,0
0.0,0
0.0,0
0.0,0
0.0,0
0.0,0
0.0,0
0.0,0
0.0,0
0.0,0
0.0,0
0.0,0
0.0,0
0.0,0
0.0,0
0.0,0
0.0,0
0.0,0
0.0,0
0.0,0
0.0,0
0.0,0
0.0,0
0.0,0
0.0,0
0.0,0
0.0,0
0.0,0
0.0,0
0.0,0
0.0,0
0.0,0
0.0,0
0.0,0
0.0,0
0.0,0
0.0,0
0.0,0
0.0,0
0.0,0
0.0,0
0.0,0
0.0,0
0.0,0
0.0,0
0.0,0
0.0,0
0.0,0
0.0,0
0.0,0
0.0,0
0.0,0
0.0,0
0.0,0
0.0,0
0.0,0
0.0,0
0.0,0
0.0,0
0.0,0
0.0,0
0.0,0
0.0,0
0.0,0
0.0,0
0.0,0
0.0,0
0.0,0
0.0,0
0.0,0
0.0,0
0.0,0
0.0,0
0.0,0
0.0,0
0.0,0
0.0,0
0.0,0
0.0,0
48.333333333333336,0
60.0,0
64.625,0
60.44444444444444,0
68.42857142857143,0
61.55555555555556,0
57.44444444444444,0
66.25,0
61.125,0
59.25,0
62.5,0
59.25,0
61.25,0
65.0,0
66.625,0
65.625,0
63.5,0
63.666666666666664,0
63.0,0
66.375,0
63.125,0
64.11111111111111,0
66.125,0
64.55555555555556,0
63.625,0
63.111111111111114,0
60.625,0
62.666666666666664,0
61.125,0
62.333333333333336,0
67.875,0
63.375,0
63.77777777777778,0
61.375,0
64.77777777777777,0
58.5,0
65.33333333333333,0
62.5,0
65.75,0
64.44444444444444,0
63.25,0
64.11111111111111,0
62.5,0
60.0,0
50.25,0
25.125,0
23.5,0
24.666666666666668,0
22.0,0
24.22222222222222,0
25.125,0
25.88888888888889,0
25.375,0
23.375,0
24.375,0
24.875,0
21.875,0
23.77777777777778,0
24.125,0
22.625,0
22.25,0
20.375,0
52.0,0
63.77777777777778,0
65.25,0
61.333333333333336,0
63.5,0
65.33333333333333,0
66.375,0
64.77777777777777,0
65.0,0
66.0,0
68.5,0
66.11111111111111,0
64.375,0
65.375,0
66.625,0
55.375,0
64.0,0
63.333333333333336,0
65.625,0
61.888888888888886,0
60.57142857142857,0
62.333333333333336,0
66.625,0
66.0,0
65.625,0
67.375,0
64.875,0
64.25,0
66.0,0
65.375,0
65.22222222222223,0
64.33333333333333,0
64.0,0
61.333333333333336,0
63.42857142857143,0
60.5,0
62.666666666666664,0
63.125,0
64.875,0
64.875,0
65.22222222222223,0
62.125,0
57.75,0
61.5,0
0.0,0
0.0,0
0.0,0
0.0,0
0.0,0
0.0,0
0.0,0
0.0,0
0.0,0
0.0,0
0.0,0
0.0,0
0.0,0
0.0,0
0.0,0
0.0,0
0.0,0
0.0,0
0.0,0
0.0,0
0.0,0
0.0,0
0.0,0
0.0,0
0.0,0
0.0,0
0.0,0
0.0,0
0.0,0
0.0,0
0.0,0
0.0,0
0.0,0
0.0,0
0.0,0
0.0,0
0.0,0
0.0,0
0.0,0
0.0,0
0.0,0
0.0,0
0.0,0
0.0,0
0.0,0
0.0,0
0.0,0
0.0,0
0.0,0
0.0,0
0.0,0
0.0,0
0.0,0
0.0,0
0.0,0
0.0,0
0.0,0
0.0,0
0.0,0
0.0,0
0.0,0
0.0,0
0.0,0
0.0,0
0.0,0
0.0,0
0.0,0
0.0,0
0.0,0
0.0,0
0.0,0
0.0,0
23.666666666666668,0
27.875,0
46.333333333333336,0
67.75,0
67.375,0
66.44444444444444,0
68.125,0
67.75,0
67.375,0
67.28571428571429,0
64.22222222222223,0
65.42857142857143,0
64.25,0
63.55555555555556,0
67.5,0
66.125,0
62.285714285714285,0
63.875,0
66.375,0
64.0,0
69.0,0
55.44444444444444,0
28.555555555555557,0
66.77777777777777,0
61.5,0
68.0,0
66.0,0
68.875,0
68.5,0
67.75,0
65.625,0
67.25,0
67.42857142857143,0
57.25,0
66.0,0
65.88888888888889,0
60.75,0
68.88888888888889,0
66.44444444444444,0
65.625,0
65.88888888888889,0
64.0,0
67.14285714285714,0
63.55555555555556,0
69.125,0
65.44444444444444,0
61.875,0
67.88888888888889,0
63.714285714285715,0
65.77777777777777,0
66.5,0
63.25,0
64.0,0
66.33333333333333,0
65.25,0
64.375,0
63.0,0
68.0,0
69.25,0
63.888888888888886,0
60.75,0
63.77777777777778,0
64.75,0
67.625,0
68.44444444444444,0
59.875,0
64.66666666666667,0
63.22222222222222,0
53.375,0
68.75,0
67.125,0
68.22222222222223,0
61.75,0
63.333333333333336,0
61.75,0
62.666666666666664,0
65.0,0
59.0,0
57.0,0
61.5,0
62.22222222222222,0
61.333333333333336,0
64.85714285714286,0
65.5,0
69.75,0
69.25,0
65.0,0
59.44444444444444,0
65.0,0
68.875,0
65.875,0
57.22222222222222,0
69.22222222222223,0
56.375,0
62.111111111111114,0
61.5,0
59.55555555555556,0
59.25,0
66.33333333333333,0
65.625,0
62.77777777777778,0
66.25,0
60.57142857142857,0
57.111111111111114,0
59.875,0
58.44444444444444,0
59.5,0
62.375,0
54.333333333333336,0
64.75,0
58.6,0
63.25,0
43.25,0
64.11111111111111,0
60.125,0
56.0,0
55.285714285714285,0
66.5,0
65.0,0
60.666666666666664,0
55.0,0
63.666666666666664,0
58.625,0
63.75,0
64.44444444444444,0
65.25,0
56.125,0
59.0,0
56.625,0
60.625,0
58.0,0
64.25,0
63.666666666666664,0
67.55555555555556,0
67.125,0
61.666666666666664,0
65.625,0
58.875,0
63.22222222222222,0
66.625,0
65.375,0
66.125,0
66.5,0
62.55555555555556,0
65.125,0
64.44444444444444,0
66.875,0
67.0,0
67.0,0
66.33333333333333,0
66.25,0
65.375,0
66.11111111111111,0
63.625,0
67.25,0
65.0,0
64.25,0
63.75,0
54.25,0
64.11111111111111,0
66.125,0
65.55555555555556,0
64.375,0
64.44444444444444,0
59.75,0
62.44444444444444,0
48.5,0
65.5,0
56.5,0
67.66666666666667,0
65.125,0
67.88888888888889,0
65.625,0
66.44444444444444,0
63.25,0
66.375,0
66.125,0
63.77777777777778,0
62.875,0
63.625,0
63.875,0
66.625,0
60.77777777777778,0
66.375,0
61.0,0
60.44444444444444,0
66.0,0
63.625,0
67.33333333333333,0
63.875,0
63.625,0
65.5,0
64.0,0
66.0,0
63.875,0
62.125,0
65.875,0
66.44444444444444,0
63.875,0
62.25,0
61.285714285714285,0
65.125,0
64.44444444444444,0
63.875,0
64.55555555555556,0
62.375,0
65.125,0
63.22222222222222,0
65.5,0
64.55555555555556,0
64.11111111111111,0
65.375,0
62.875,0
61.0,0
63.0,0
53.111111111111114,0
62.166666666666664,0
61.625,0
62.888888888888886,0
62.25,0
63.5,0
61.888888888888886,0
64.0,0
61.22222222222222,0
62.42857142857143,0
64.77777777777777,0
61.75,0
61.375,0
64.66666666666667,0
63.5,0
61.888888888888886,0
65.125,0
60.875,0
63.625,0
65.22222222222223,0
63.625,0
51.375,0
64.66666666666667,0
51.5,0
33.125,0
53.625,0
62.0,0
57.888888888888886,0
64.875,0
64.875,0
62.333333333333336,0
61.375,0
61.25,0
62.22222222222222,0
60.0,0
65.77777777777777,0
45.875,0
28.555555555555557,0
25.375,0
32.625,0
28.11111111111111,0
27.875,0
28.625,0
26.25,0
29.125,0
27.333333333333332,0
28.125,0
28.375,0
26.88888888888889,0
25.0,0
28.75,0
25.77777777777778,0
26.0,0
23.555555555555557,0
29.5,0
26.75,0
31.5,0
28.11111111111111,0
27.5,0
23.5,0
31.5,0
24.0,0
26.77777777777778,0
27.25,0
26.333333333333332,0
32.125,0
28.375,0
23.77777777777778,0
24.75,0
27.88888888888889,0
27.333333333333332,0
23.5,0
32.22222222222222,0
22.375,0
25.22222222222222,0
29.333333333333332,0
23.5,0
29.444444444444443,0
30.625,0
28.11111111111111,0
29.5,0
34.77777777777778,0
60.375,0
63.333333333333336,0
65.875,0
56.333333333333336,0
61.55555555555556,0
65.5,0
66.66666666666667,0
64.875,0
63.25,0
66.5,0
69.11111111111111,0
66.75,0
66.75,0
67.33333333333333,0
66.875,0
62.625,0
68.375,0
66.44444444444444,0
66.5,0
57.75,0
64.77777777777777,0
67.625,0
68.33333333333333,0
65.875,0
67.44444444444444,0
66.33333333333333,0
68.625,0
68.625,0
65.5,0
66.22222222222223,0
60.875,0
63.77777777777778,0
65.75,0
66.5,0
66.75,0
69.25,0
68.33333333333333,0
66.5,0
61.888888888888886,0
68.5,0
70.0,0
64.875,0
64.875,0
64.55555555555556,0
60.55555555555556,0
59.625,0
64.0,0
67.5,0
62.333333333333336,0
66.5,0
61.55555555555556,0
62.375,0
60.333333333333336,0
67.625,0
67.125,0
63.875,0
65.66666666666667,0
63.25,0
66.33333333333333,0
56.75,0
56.22222222222222,0
56.333333333333336,0
61.75,0
67.0,0
56.111111111111114,0
52.375,0
67.11111111111111,0
61.875,0
52.125,0
64.0,0
65.28571428571429,0
63.55555555555556,0
64.375,0
63.44444444444444,0
57.111111111111114,0
60.625,0
62.375,0
60.111111111111114,0
60.125,0
61.875,0
63.333333333333336,0
63.0,0
56.666666666666664,0
60.125,0
58.22222222222222,0
60.888888888888886,0
63.75,0
64.25,0
56.375,0
68.625,0
53.333333333333336,0
52.5,0
53.888888888888886,0
61.75,0
53.125,0
55.55555555555556,0
56.25,0
54.0,0
64.11111111111111,0
61.42857142857143,0
68.66666666666667,0
55.857142857142854,0
64.375,0
60.666666666666664,0
55.625,0
60.333333333333336,0
59.666666666666664,0
56.875,0
63.625,0
52.77777777777778,0
60.125,0
60.0,0
61.25,0
64.55555555555556,0
54.5,0
55.77777777777778,0
53.625,0
59.875,0
57.333333333333336,0
59.625,0
58.5,0
60.333333333333336,0
60.55555555555556,0
62.125,0
63.333333333333336,0
61.42857142857143,0
65.0,0
63.25,0
65.75,0
64.11111111111111,0
67.75,0
62.0,0
62.75,0
65.625,0
62.666666666666664,0
59.875,0
62.857142857142854,0
61.333333333333336,0
59.625,0
63.57142857142857,0
66.88888888888889,0
66.22222222222223,0
53.111111111111114,0
63.5,0
56.375,0
63.375,0
64.75,0
65.0,0
62.25,0
64.625,0
63.888888888888886,0
65.5,0
65.88888888888889,0
62.42857142857143,0
63.0,0
62.888888888888886,0
62.375,0
63.75,0
65.5,0
65.875,0
67.14285714285714,0
66.625,0
66.88888888888889,0
68.125,0
68.375,0
64.5,0
66.11111111111111,0
67.625,0
65.125,0
60.55555555555556,0
67.0,0
67.125,0
68.0,0
66.88888888888889,0
62.625,0
65.33333333333333,0
69.25,0
66.375,0
67.44444444444444,0
63.5,0
64.22222222222223,0
59.375,0
68.25,0
60.55555555555556,0
65.625,0
65.375,0
66.66666666666667,0
64.625,0
67.0,0
60.625,0
60.333333333333336,0
60.57142857142857,0
52.0,0
63.333333333333336,0
57.875,0
64.25,0
65.44444444444444,0
65.875,0
63.44444444444444,0
61.875,0
63.77777777777778,0
66.5,0
64.625,0
65.125,0
66.0,0
63.888888888888886,0
56.75,0
63.333333333333336,0
67.5,0
65.625,0
64.625,0
64.25,0
66.44444444444444,0
66.0,0
65.0,0
57.0,0
65.0,0
66.22222222222223,0
67.125,0
67.22222222222223,0
63.75,0
66.0,0
63.55555555555556,0
59.875,0
64.75,0
61.22222222222222,0
63.25,0
66.44444444444444,0
61.75,0
63.625,0
63.5,0
64.625,0
66.0,0
63.375,0
66.22222222222223,0
66.625,0
67.44444444444444,0
64.44444444444444,0
63.375,0
62.666666666666664,0
63.5,0
61.25,0
61.333333333333336,0
62.111111111111114,0
65.375,0
62.55555555555556,0
67.22222222222223,0
64.125,0
66.25,0
66.625,0
66.11111111111111,0
65.75,0
66.11111111111111,0
43.5,0
36.666666666666664,0
28.625,0
61.625,0
65.625,0
63.888888888888886,0
24.75,0
28.5,0
24.75,0
23.875,0
28.88888888888889,0
27.555555555555557,0
28.125,0
26.555555555555557,0
25.625,0
30.125,0
31.125,0
29.625,0
29.875,0
26.444444444444443,0
33.0,0
34.22222222222222,0
26.571428571428573,0
34.625,0
35.666666666666664,0
30.0,0
43.77777777777778,0
65.5,0
66.44444444444444,0
65.625,0
68.625,0
66.55555555555556,0
68.625,0
66.22222222222223,0
66.5,0
67.22222222222223,0
67.75,0
66.375,0
64.55555555555556,0
65.25,0
64.0,0
67.0,0
62.888888888888886,0
65.875,0
65.0,0
68.75,0
55.0,0
67.375,0
65.875,0
66.22222222222223,0
68.71428571428571,0
67.5,0
62.0,0
68.125,0
65.11111111111111,0
65.75,0
66.66666666666667,0
66.375,0
68.0,0
68.0,0
65.55555555555556,0
69.875,0
65.33333333333333,0
62.375,0
62.77777777777778,0
65.25,0
68.77777777777777,0
68.125,0
66.25,0
69.125,0
67.88888888888889,0
68.25,0
69.66666666666667,0
67.625,0
66.0,0
65.66666666666667,0
64.5,0
59.44444444444444,0
68.57142857142857,0
68.33333333333333,0
69.875,0
63.5,0
63.375,0
65.55555555555556,0
62.25,0
59.111111111111114,0
58.5,0
61.875,0
56.44444444444444,0
60.333333333333336,0
66.0,0
66.5,0
59.5,0
46.75,0
61.75,0
55.333333333333336,0
58.0,0
69.33333333333333,0
55.375,0
65.55555555555556,0
38.285714285714285,0
69.5,0
67.0,0
64.625,0
55.875,0
55.55555555555556,0
70.0,0
66.66666666666667,0
43.75,0
66.44444444444444,0
59.25,0
65.11111111111111,0
69.375,0
67.0,0
64.55555555555556,0
66.375,0
69.375,0
67.66666666666667,0
64.55555555555556,0
66.125,0
58.875,0
67.75,0
56.0,0
55.42857142857143,0
57.666666666666664,0
58.0,0
64.66666666666667,0
51.625,0
67.0,0
58.77777777777778,0
67.375,0
66.33333333333333,0
61.333333333333336,0
63.875,0
64.77777777777777,0
65.875,0
57.0,0
61.375,0
66.33333333333333,0
68.42857142857143,0
66.88888888888889,0
57.125,0
64.25,0
67.625,0
65.125,0
61.875,0
62.375,0
69.5,0
66.0,0
62.77777777777778,0
67.44444444444444,0
63.625,0
64.11111111111111,0
66.375,0
61.714285714285715,0
68.22222222222223,0
65.625,0
68.5,0
67.625,0
67.77777777777777,0
67.375,0
67.25,0
68.875,0
65.0,0
67.22222222222223,0
65.625,0
64.33333333333333,0
67.75,0
68.44444444444444,0
67.75,0
66.875,0
67.44444444444444,0
66.625,0
67.375,0
68.125,0
66.11111111111111,0
66.375,0
67.875,0
61.44444444444444,0
68.0,0
66.0,0
59.125,0
65.0,0
65.33333333333333,0
67.25,0
63.625,0
65.44444444444444,0
65.22222222222223,0
65.0,0
64.11111111111111,0
63.25,0
63.75,0
66.33333333333333,0
62.625,0
66.125,0
67.625,0
66.66666666666667,0
69.0,0
65.125,0
67.88888888888889,0
58.44444444444444,0
50.375,0
20.125,0
23.625,0
62.666666666666664,0
67.5,0
67.33333333333333,0
65.5,0
65.77777777777777,0
62.875,0
65.125,0
68.57142857142857,0
66.22222222222223,0
66.625,0
67.375,0
65.75,0
65.55555555555556,0
66.22222222222223,0
67.0,0
64.5,0
64.22222222222223,0
65.875,0
66.5,0
66.22222222222223,0
63.625,0
65.11111111111111,0
63.625,0
64.125,0
65.875,0
65.22222222222223,0
66.5,0
65.66666666666667,0
67.375,0
65.66666666666667,0
63.44444444444444,0
64.75,0
64.75,0
61.75,0
65.875,0
66.22222222222223,0
65.875,0
64.625,0
60.57142857142857,0
65.44444444444444,0
63.285714285714285,0
62.625,0
62.5,0
65.375,0
64.66666666666667,0
63.125,0
66.55555555555556,0
65.0,0
65.875,0
66.44444444444444,0
62.5,0
63.625,0
59.111111111111114,0
65.75,0
67.625,0
62.375,0
67.0,0
64.22222222222223,0
66.875,0
64.625,0
63.44444444444444,0
49.57142857142857,0
53.625,0
63.285714285714285,0
65.125,0
58.0,0
53.142857142857146,0
64.44444444444444,0
65.875,0
58.875,0
58.375,0
60.875,0
57.55555555555556,0
59.666666666666664,0
58.44444444444444,0
55.125,0
52.888888888888886,0
57.44444444444444,0
60.0,0
56.375,0
49.666666666666664,0
37.125,0
29.625,0
31.375,0
32.666666666666664,0
31.75,0
26.0,0
29.125,0
31.555555555555557,0
27.125,0
24.428571428571427,0
25.22222222222222,0
26.22222222222222,0
27.375,0
24.625,0
29.125,0
21.333333333333332,0
26.75,0
27.5,0
26.0,0
26.375,0
27.125,0
28.75,0
29.77777777777778,0
28.0,0
31.11111111111111,0
26.5,0
31.5,0
28.77777777777778,0
30.666666666666668,0
32.5,0
33.0,0
36.22222222222222,0
29.0,0
32.77777777777778,0
46.375,0
48.75,0
64.55555555555556,0
67.125,0
65.75,0
64.0,0
63.625,0
63.77777777777778,0
58.55555555555556,0
66.625,0
64.875,0
66.125,0
65.0,0
67.11111111111111,0
67.125,0
65.625,0
66.25,0
62.875,0
65.77777777777777,0
65.0,0
67.75,0
67.44444444444444,0
66.375,0
66.55555555555556,0
67.0,0
66.44444444444444,0
66.625,0
68.75,0
66.5,0
59.44444444444444,0
67.375,0
68.33333333333333,0
66.125,0
63.666666666666664,0
67.14285714285714,0
69.0,0
66.33333333333333,0
68.77777777777777,0
66.125,0
65.5,0
58.888888888888886,0
65.625,0
68.625,0
68.0,0
65.57142857142857,0
66.75,0
59.111111111111114,0
66.25,0
64.14285714285714,0
64.75,0
67.33333333333333,0
66.875,0
69.0,0
65.75,0
67.125,0
65.5,0
66.77777777777777,0
68.11111111111111,0
65.875,0
66.75,0
66.85714285714286,0
65.875,0
64.55555555555556,0
67.25,0
57.875,0
66.75,0
62.0,0
66.55555555555556,0
69.0,0
68.375,0
65.75,0
58.125,0
62.55555555555556,0
65.5,0
61.44444444444444,0
65.875,0
68.22222222222223,0
65.375,0
55.75,0
64.77777777777777,0
69.25,0
62.44444444444444,0
65.44444444444444,0
63.0,0
64.71428571428571,0
68.125,0
45.5,0
37.888888888888886,0
65.28571428571429,0
66.66666666666667,0
56.25,0
66.5,0
64.66666666666667,0
63.111111111111114,0
63.375,0
66.55555555555556,0
68.375,0
62.333333333333336,0
48.875,0
48.0,0
59.0,0
67.44444444444444,0
64.125,0
62.375,0
64.33333333333333,0
63.5,0
61.5,0
60.44444444444444,0
67.88888888888889,0
61.625,0
59.625,0
56.77777777777778,0
61.75,0
63.625,0
62.333333333333336,0
65.125,0
64.44444444444444,0
64.5,0
61.77777777777778,0
65.875,0
65.55555555555556,0
65.875,0
61.22222222222222,0
58.77777777777778,0
64.5,0
64.875,0
62.77777777777778,0
62.0,0
63.375,0
64.77777777777777,0
64.875,0
64.77777777777777,0
66.28571428571429,0
66.125,0
67.625,0
66.25,0
66.25,0
66.77777777777777,0
68.0,0
66.44444444444444,0
67.5,0
65.875,0
66.66666666666667,0
66.75,0
65.625,0
67.625,0
67.88888888888889,0
61.125,0
64.25,0
62.5,0
58.0,0
54.0,0
51.0,0
53.77777777777778,0
54.888888888888886,0
63.625,0
62.0,0
62.55555555555556,0
61.875,0
64.66666666666667,0
64.0,0
63.666666666666664,0
57.0,0
64.0,0
64.11111111111111,0
60.5,0
63.666666666666664,0
61.0,0
63.125,0
54.875,0
63.714285714285715,0
62.625,0
64.66666666666667,0
62.25,0
62.125,0
60.0,0
62.125,0
62.375,0
60.875,0
60.0,0
59.75,0
58.22222222222222,0
61.833333333333336,0
60.875,0
63.22222222222222,0
64.25,0
62.5,0
61.625,0
64.88888888888889,0
65.25,0
63.5,0
64.11111111111111,0
63.875,0
64.25,0
64.55555555555556,0
63.625,0
65.5,0
54.77777777777778,0
59.875,0
57.875,0
58.0,0
51.0,0
59.125,0
55.888888888888886,0
56.75,0
54.666666666666664,0
53.875,0
47.666666666666664,0
53.875,0
50.625,0
46.888888888888886,0
44.625,0
41.666666666666664,0
37.375,0
46.125,0
43.375,0
55.375,0
49.0,0
55.333333333333336,0
58.125,0
50.22222222222222,0
41.22222222222222,0
51.25,0
55.0,0
50.888888888888886,0
52.888888888888886,0
55.75,0
55.44444444444444,0
54.0,0
58.77777777777778,0
50.0,0
35.333333333333336,0
38.625,0
28.555555555555557,0
33.5,0
26.333333333333332,0
28.875,0
29.22222222222222,0
33.142857142857146,0
25.875,0
29.25,0
29.0,0
31.5,0
30.555555555555557,0
33.0,0
30.22222222222222,0
25.77777777777778,0
35.0,0
40.285714285714285,0
54.125,0
66.88888888888889,0
62.875,0
65.0,0
62.142857142857146,0
57.0,0
63.666666666666664,0
54.125,0
49.6,0
33.125,0
31.75,0
52.666666666666664,0
64.25,0
60.0,0
57.5,0
43.5,0
24.0,0
23.666666666666668,0
22.142857142857142,0
28.444444444444443,0
30.625,0
27.875,0
29.125,0
30.625,0
30.555555555555557,0
31.875,0
0.0,0
0.0,0
0.0,0
0.0,0
0.0,0
0.0,0
0.0,0
0.0,0
0.0,0
0.0,0
0.0,0
0.0,0
0.0,0
0.0,0
0.0,0
0.0,0
0.0,0
0.0,0
8.222222222222221,0
35.0,0
34.375,0
43.44444444444444,0
58.875,0
65.25,0
66.55555555555556,0
66.375,0
64.875,0
68.0,0
67.22222222222223,0
68.5,0
66.0,0
66.25,0
67.0,0
66.14285714285714,0
66.66666666666667,0
66.55555555555556,0
65.57142857142857,0
68.77777777777777,0
68.42857142857143,0
69.125,0
64.875,0
67.57142857142857,0
65.25,0
66.22222222222223,0
66.0,0
58.5,0
68.0,0
66.88888888888889,0
67.5,0
66.25,0
67.0,0
65.22222222222223,0
66.66666666666667,0
67.375,0
68.0,0
68.25,0
66.625,0
67.85714285714286,0
66.11111111111111,0
66.875,0
69.5,0
66.125,0
68.625,0
67.125,0
66.625,0
68.375,0
68.88888888888889,0
68.125,0
67.5,0
63.125,0
66.875,0
66.125,0
55.125,0
66.125,0
65.88888888888889,0
66.625,0
68.0,0
65.625,0
63.333333333333336,0
63.875,0
66.5,0
68.625,0
69.33333333333333,0
63.75,0
67.5,0
66.55555555555556,0
69.125,0
65.5,0
66.22222222222223,0
65.875,0
66.77777777777777,0
66.25,0
66.66666666666667,0
68.875,0
64.875,0
67.75,0
68.33333333333333,0
66.75,0
65.625,0
59.25,0
63.625,0
69.625,0
66.77777777777777,0
68.125,0
69.14285714285714,0
61.875,0
68.625,0
64.125,0
62.0,0
64.22222222222223,0
67.25,0
66.0,0
66.77777777777777,0
66.0,0
63.666666666666664,0
62.875,0
61.77777777777778,0
66.875,0
68.66666666666667,0
62.285714285714285,0
65.125,0
68.66666666666667,0
62.44444444444444,0
62.5,0
67.66666666666667,0
64.77777777777777,0
62.0,0
64.77777777777777,0
60.125,0
69.75,0
65.0,0
63.875,0
61.44444444444444,0
66.11111111111111,0
66.875,0
61.888888888888886,0
59.44444444444444,0
64.85714285714286,0
68.77777777777777,0
65.125,0
63.44444444444444,0
67.57142857142857,0
66.5,0
64.375,0
63.666666666666664,0
65.875,0
68.0,0
68.375,0
64.0,0
68.88888888888889,0
64.77777777777777,0
67.875,0
66.625,0
69.125,0
64.33333333333333,0
66.125,0
56.77777777777778,0
68.55555555555556,0
67.375,0
66.125,0
66.625,0
66.875,0
67.28571428571429,0
67.0,0
67.5,0
69.0,0
67.77777777777777,0
68.75,0
69.125,0
67.875,0
68.28571428571429,0
68.625,0
68.11111111111111,0
68.75,0
69.11111111111111,0
68.5,0
68.0,0
68.44444444444444,0
67.375,0
69.0,0
67.22222222222223,0
62.875,0
68.55555555555556,0
68.75,0
66.125,0
68.77777777777777,0
68.11111111111111,0
68.375,0
68.25,0
64.33333333333333,0
67.0,0
63.111111111111114,0
54.857142857142854,0
69.0,0
68.125,0
67.375,0
60.55555555555556,0
64.11111111111111,0
50.714285714285715,0
64.0,0
62.625,0
60.888888888888886,0
66.5,0
67.625,0
68.25,0
67.875,0
68.0,0
67.55555555555556,0
67.25,0
58.55555555555556,0
66.5,0
69.66666666666667,0
66.33333333333333,0
65.75,0
62.0,0
58.0,0
62.0,0
58.25,0
65.875,0
57.55555555555556,0
64.25,0
64.625,0
58.55555555555556,0
61.25,0
65.55555555555556,0
68.875,0
66.75,0
67.375,0
67.55555555555556,0
68.375,0
67.375,0
65.44444444444444,0
66.875,0
61.111111111111114,0
51.44444444444444,0
64.375,0
68.11111111111111,0
65.125,0
63.625,0
67.375,0
65.55555555555556,0
64.33333333333333,0
67.28571428571429,0
66.25,0
62.857142857142854,0
68.77777777777777,0
67.0,0
66.44444444444444,0
66.55555555555556,0
64.75,0
64.375,0
65.75,0
66.0,0
62.666666666666664,0
66.375,0
64.75,0
62.57142857142857,0
67.5,0
64.71428571428571,0
60.0,0
61.875,0
64.625,0
66.5,0
65.11111111111111,0
63.5,0
62.5,0
49.666666666666664,0
58.5,0
56.55555555555556,0
53.0,0
54.375,0
63.333333333333336,0
38.375,0
38.888888888888886,0
63.625,0
65.25,0
63.57142857142857,0
55.44444444444444,0
66.44444444444444,0
66.625,0
63.75,0
64.55555555555556,0
65.625,0
66.375,0
66.11111111111111,0
63.5,0
56.875,0
63.44444444444444,0
66.625,0
66.75,0
54.44444444444444,0
67.5,0
67.25,0
66.77777777777777,0
68.88888888888889,0
68.375,0
65.875,0
67.625,0
67.375,0
67.66666666666667,0
67.22222222222223,0
67.5,0
67.28571428571429,0
68.0,0
68.0,0
68.25,0
57.77777777777778,0
64.5,0
63.77777777777778,0
60.285714285714285,0
63.75,0
64.875,0
63.888888888888886,0
64.75,0
66.5,0
66.11111111111111,0
66.22222222222223,0
67.625,0
67.88888888888889,0
69.25,0
68.88888888888889,0
68.5,0
67.875,0
69.625,0
66.75,0
68.25,0
68.88888888888889,0
67.375,0
67.375,0
63.375,0
65.125,0
64.44444444444444,0
67.14285714285714,0
65.0,0
68.55555555555556,0
65.0,0
66.75,0
67.25,0
67.375,0
67.33333333333333,0
66.11111111111111,0
56.625,0
66.77777777777777,0
68.88888888888889,0
53.0,0
67.375,0
67.77777777777777,0
67.125,0
57.75,0
67.25,0
63.375,0
66.22222222222223,0
67.875,0
60.5,0
69.55555555555556,0
68.375,0
69.625,0
62.22222222222222,0
68.625,0
66.375,0
66.55555555555556,0
68.25,0
66.66666666666667,0
67.33333333333333,0
67.125,0
69.0,0
63.55555555555556,0
55.75,0
56.875,0
66.375,0
69.25,0
69.88888888888889,0
68.0,0
68.22222222222223,0
69.375,0
67.0,0
67.44444444444444,0
66.0,0
49.0,0
54.375,0
65.0,0
65.375,0
66.0,0
66.5,0
68.11111111111111,0
54.25,0
54.625,0
68.22222222222223,0
66.0,0
65.125,0
66.33333333333333,0
62.285714285714285,0
43.77777777777778,0
62.25,0
60.111111111111114,0
61.125,0
58.875,0
35.125,0
43.25,0
41.125,0
67.875,0
65.33333333333333,0
68.28571428571429,0
64.0,0
60.125,0
59.25,0
69.5,0
69.14285714285714,0
68.11111111111111,0
68.66666666666667,0
62.125,0
69.44444444444444,0
66.0,0
58.666666666666664,0
52.0,0
66.0,0
53.666666666666664,0
64.875,0
50.111111111111114,0
56.625,0
34.75,0
67.22222222222223,0
51.5,0
63.875,0
65.66666666666667,0
66.25,0
62.77777777777778,0
61.0,0
63.5,0
65.77777777777777,0
67.625,0
68.0,0
65.5,0
69.44444444444444,0
69.125,0
67.875,0
67.25,0
69.375,0
62.75,0
66.55555555555556,0
68.75,0
67.66666666666667,0
68.55555555555556,0
69.5,0
65.44444444444444,0
67.625,0
68.66666666666667,0
67.14285714285714,0
68.0,0
69.125,0
68.66666666666667,0
68.625,0
64.5,0
69.55555555555556,0
68.85714285714286,0
69.88888888888889,0
68.375,0
69.88888888888889,0
68.875,0
66.5,0
68.25,0
67.33333333333333,0
69.375,0
68.0,0
70.0,0
68.77777777777777,0
67.5,0
69.77777777777777,0
70.0,0
69.11111111111111,0
68.75,0
69.11111111111111,0
69.25,0
69.11111111111111,0
69.125,0
67.75,0
68.88888888888889,0
53.285714285714285,0
66.625,0
69.55555555555556,0
69.875,0
69.0,0
69.5,0
69.66666666666667,0
69.0,0
68.66666666666667,0
68.25,0
69.22222222222223,0
69.75,0
70.0,0
70.0,0
69.77777777777777,0
68.88888888888889,0
69.375,0
68.75,0
69.25,0
69.0,0
69.375,0
67.55555555555556,0
68.0,0
67.5,0
68.125,0
67.875,0
69.22222222222223,0
66.375,0
67.88888888888889,0
68.44444444444444,0
65.625,0
66.0,0
68.77777777777777,0
69.75,0
69.875,0
67.125,0
68.66666666666667,0
67.5,0
67.75,0
67.77777777777777,0
66.625,0
68.5,0
67.0,0
67.88888888888889,0
67.375,0
65.44444444444444,0
67.25,0
67.125,0
69.0,0
67.66666666666667,0
65.25,0
66.875,0
67.66666666666667,0
68.22222222222223,0
67.625,0
66.625,0
66.22222222222223,0
65.625,0
68.55555555555556,0
68.57142857142857,0
68.125,0
69.5,0
68.11111111111111,0
68.875,0
68.33333333333333,0
68.375,0
67.85714285714286,0
68.55555555555556,0
68.0,0
68.44444444444444,0
68.0,0
67.14285714285714,0
69.5,0
69.44444444444444,0
67.5,0
67.875,0
67.875,0
67.125,0
67.5,0
67.5,0
70.0,0
66.75,0
68.25,0
68.0,0
68.71428571428571,0
67.5,0
69.44444444444444,0
66.125,0
69.125,0
66.71428571428571,0
66.5,0
68.625,0
70.0,0
68.88888888888889,0
69.0,0
68.625,0
66.125,0
68.77777777777777,0
69.33333333333333,0
69.875,0
68.875,0
68.0,0
67.875,0
70.0,0
67.125,0
69.22222222222223,0
68.75,0
68.22222222222223,0
68.875,0
69.75,0
68.625,0
69.88888888888889,0
69.125,0
69.44444444444444,0
69.22222222222223,0
69.0,0
68.88888888888889,0
66.75,0
68.875,0
67.75,0
66.0,0
68.25,0
66.75,0
60.375,0
66.875,0
67.125,0
68.375,0
67.0,0
67.625,0
66.66666666666667,0
66.875,0
67.125,0
68.33333333333333,0
65.375,0
67.875,0
67.0,0
67.25,0
69.0,0
66.33333333333333,0
67.625,0
66.375,0
68.0,0
68.0,0
68.75,0
66.75,0
68.375,0
69.44444444444444,0
69.25,0
68.125,0
66.44444444444444,0
66.0,0
67.0,0
64.75,0
68.33333333333333,0
68.125,0
68.22222222222223,0
69.55555555555556,0
67.75,0
68.66666666666667,0
67.375,0
65.25,0
69.0,0
69.875,0
67.77777777777777,0
70.0,0
69.375,0
68.75,0
69.625,0
67.14285714285714,0
67.875,0
68.0,0
64.88888888888889,0
69.0,0
67.875,0
67.125,0
68.55555555555556,0
69.77777777777777,0
67.125,0
67.22222222222223,0
67.625,0
66.5,0
63.44444444444444,0
68.125,0
61.625,0
67.375,0
62.75,0
69.75,0
69.125,0
68.77777777777777,0
59.5,0
69.125,0
63.375,0
69.66666666666667,0
69.625,0
66.75,0
63.44444444444444,0
64.875,0
64.75,0
65.375,0
70.0,0
68.28571428571429,0
69.0,0
69.22222222222223,0
63.5,0
64.44444444444444,0
66.875,0
58.875,0
53.0,0
68.42857142857143,0
65.11111111111111,0
68.75,0
69.0,0
69.66666666666667,0
55.125,0
66.33333333333333,0
69.875,0
65.875,0
55.125,0
68.375,0
63.875,0
64.11111111111111,0
66.11111111111111,0
65.75,0
59.333333333333336,0
61.25,0
63.5,0
67.25,0
60.25,0
63.125,0
62.666666666666664,0
57.25,0
63.875,0
66.44444444444444,0
64.55555555555556,0
64.875,0
64.5,0
63.875,0
63.75,0
59.0,0
66.0,0
66.0,0
68.0,0
68.75,0
67.0,0
69.33333333333333,0
66.75,0
67.25,0
66.66666666666667,0
65.5,0
66.25,0
64.44444444444444,0
67.625,0
64.66666666666667,0
66.75,0
64.625,0
67.88888888888889,0
66.33333333333333,0
64.25,0
64.5,0
62.75,0
64.11111111111111,0
56.75,0
59.625,0
48.666666666666664,0
38.125,0
62.0,0
64.55555555555556,0
67.125,0
61.666666666666664,0
58.111111111111114,0
46.0,0
64.11111111111111,0
62.25,0
68.0,0
64.375,0
65.88888888888889,0
63.666666666666664,0
67.5,0
68.5,0
64.88888888888889,0
68.0,0
65.5,0
65.22222222222223,0
65.125,0
64.375,0
65.44444444444444,0
65.875,0
59.77777777777778,0
64.25,0
68.25,0
63.375,0
64.75,0
65.5,0
66.55555555555556,0
65.75,0
64.33333333333333,0
67.28571428571429,0
60.75,0
65.88888888888889,0
65.0,0
66.0,0
67.0,0
64.33333333333333,0
65.0,0
66.0,0
64.55555555555556,0
66.57142857142857,0
64.0,0
61.0,0
64.375,0
62.25,0
65.66666666666667,0
61.25,0
62.5,0
64.375,0
64.75,0
67.0,0
65.125,0
66.5,0
64.55555555555556,0
65.125,0
63.875,0
65.22222222222223,0
60.625,0
62.25,0
62.666666666666664,0
64.66666666666667,0
62.375,0
65.11111111111111,0
58.375,0
62.875,0
68.0,0
65.375,0
67.5,0
67.5,0
62.77777777777778,0
65.77777777777777,0
64.125,0
65.28571428571429,0
56.75,0
57.25,0
65.88888888888889,0
64.125,0
63.625,0
65.25,0
66.44444444444444,0
62.625,0
63.44444444444444,0
53.44444444444444,0
66.375,0
66.375,0
64.28571428571429,0
63.375,0
65.11111111111111,0
63.75,0
66.5,0
66.88888888888889,0
66.75,0
68.0,0
66.44444444444444,0
65.88888888888889,0
37.111111111111114,0
32.375,0
28.88888888888889,0
29.875,0
26.75,0
29.22222222222222,0
21.875,0
24.571428571428573,0
25.0,0
26.125,0
29.444444444444443,0
27.5,0
30.0,0
24.125,0
25.0,0
23.0,0
8.25,0
10.333333333333334,0
24.0,0
22.11111111111111,0
13.125,0
16.75,0
19.125,0
18.555555555555557,0
25.0,0
27.25,0
24.77777777777778,0
23.857142857142858,0
26.333333333333332,0
22.125,0
24.444444444444443,0
26.125,0
30.375,0
29.11111111111111,0
26.444444444444443,0
24.0,0
28.875,0
21.555555555555557,0
19.0,0
12.5,0
56.0,0
0.0,0
0.0,0
0.0,0
0.0,0
19.666666666666668,0
17.5,0
17.5,0
27.5,0
35.77777777777778,0
59.111111111111114,0
66.375,0
65.875,0
66.77777777777777,0
65.75,0
62.875,0
65.625,0
67.625,0
61.666666666666664,0
66.75,0
62.22222222222222,0
67.875,0
66.22222222222223,0
67.875,0
67.57142857142857,0
67.375,0
69.5,0
67.77777777777777,0
64.25,0
64.22222222222223,0
65.75,0
65.55555555555556,0
67.875,0
67.125,0
67.625,0
65.0,0
68.0,0
65.0,0
66.0,0
66.11111111111111,0
62.75,0
67.25,0
64.66666666666667,0
66.5,0
66.55555555555556,0
63.875,0
66.125,0
63.55555555555556,0
66.875,0
67.88888888888889,0
64.11111111111111,0
66.85714285714286,0
64.125,0
63.77777777777778,0
63.875,0
66.44444444444444,0
62.125,0
63.888888888888886,0
65.22222222222223,0
59.625,0
63.5,0
63.44444444444444,0
66.25,0
65.22222222222223,0
60.0,0
60.0,0
66.5,0
67.25,0
59.0,0
55.0,0
66.0,0
58.22222222222222,0
59.125,0
58.875,0
58.333333333333336,0
61.625,0
61.0,0
63.5,0
59.888888888888886,0
55.5,0
62.55555555555556,0
65.0,0
66.77777777777777,0
59.875,0
57.55555555555556,0
63.125,0
54.333333333333336,0
64.5,0
60.111111111111114,0
61.666666666666664,0
67.125,0
54.125,0
62.111111111111114,0
58.857142857142854,0
57.44444444444444,0
67.5,0
65.55555555555556,0
60.375,0
65.625,0
62.333333333333336,0
63.375,0
59.625,0
60.888888888888886,0
55.5,0
51.285714285714285,0
49.375,0
53.0,0
68.125,0
48.888888888888886,0
61.625,0
55.0,0
60.285714285714285,0
53.5,0
64.22222222222223,0
57.625,0
58.25,0
58.875,0
60.75,0
63.666666666666664,0
66.0,0
64.22222222222223,0
55.125,0
55.111111111111114,0
65.875,0
63.44444444444444,0
61.55555555555556,0
64.375,0
64.0,0
66.75,0
67.0,0
64.125,0
63.44444444444444,0
66.55555555555556,0
66.5,0
67.28571428571429,0
63.714285714285715,0
66.0,0
66.25,0
66.55555555555556,0
66.5,0
68.22222222222223,0
66.0,0
68.28571428571429,0
64.66666666666667,0
64.25,0
64.375,0
66.5,0
62.125,0
57.625,0
26.875,0
34.111111111111114,0
35.25,0
34.44444444444444,0
36.75,0
49.55555555555556,0
53.375,0
51.5,0
61.375,0
62.333333333333336,0
62.375,0
61.77777777777778,0
56.875,0
64.125,0
61.125,0
64.33333333333333,0
64.5,0
64.625,0
64.125,0
66.75,0
65.77777777777777,0
63.25,0
62.0,0
64.66666666666667,0
63.5,0
65.5,0
58.55555555555556,0
66.125,0
67.44444444444444,0
68.625,0
52.111111111111114,0
66.5,0
66.125,0
64.22222222222223,0
65.11111111111111,0
63.125,0
62.75,0
65.125,0
65.33333333333333,0
64.0,0
64.11111111111111,0
64.0,0
65.88888888888889,0
65.25,0
65.0,0
64.66666666666667,0
59.625,0
63.375,0
65.11111111111111,0
65.66666666666667,0
65.875,0
61.77777777777778,0
64.28571428571429,0
65.125,0
65.75,0
67.22222222222223,0
65.0,0
64.375,0
63.375,0
64.77777777777777,0
63.625,0
63.875,0
65.88888888888889,0
63.625,0
66.85714285714286,0
66.66666666666667,0
61.875,0
64.375,0
67.0,0
65.77777777777777,0
57.375,0
59.125,0
64.11111111111111,0
56.142857142857146,0
61.44444444444444,0
62.25,0
63.714285714285715,0
62.75,0
58.5,0
54.888888888888886,0
63.625,0
65.25,0
65.0,0
44.22222222222222,0
30.75,0
28.77777777777778,0
31.714285714285715,0
31.0,0
30.125,0
36.375,0
35.5,0
30.88888888888889,0
38.25,0
60.666666666666664,0
63.625,0
53.25,0
56.375,0
10.222222222222221,0
9.75,0
10.5,0
6.888888888888889,0
3.25,0
5.625,0
5.0,0
4.75,0
3.625,0
26.5,0
23.625,0
24.0,0
23.625,0
24.11111111111111,0
22.5,0
23.25,0
25.75,0
22.444444444444443,0
23.77777777777778,0
19.857142857142858,0
21.625,0
24.444444444444443,0
25.0,0
19.333333333333332,0
23.625,0
27.375,0
26.333333333333332,0
19.875,0
23.0,0
23.11111111111111,0
26.625,0
29.5,0
22.5,0
24.125,0
26.0,0
29.25,0
30.0,0
28.25,0
28.25,0
29.77777777777778,0
28.285714285714285,0
26.666666666666668,0
34.875,0
27.0,0
45.5,0
65.375,0
64.875,0
65.33333333333333,0
65.375,0
66.5,0
64.66666666666667,0
66.5,0
64.0,0
67.875,0
66.375,0
66.875,0
64.5,0
67.5,0
69.125,0
65.375,0
66.875,0
66.125,0
0.0,0
0.0,0
0.0,0
0.0,0
70.0,0
67.875,0
65.625,0
0.0,0
69.0,0
0.0,0
70.0,0
0.0,0
70.0,0
62.0,0
66.33333333333333,0
0.0,0
66.33333333333333,0
70.0,0
0.0,0
0.0,0
0.0,0
70.0,0
63.42857142857143,0
67.22222222222223,0
68.75,0
68.125,0
67.0,0
68.28571428571429,0
67.5,0
64.5,0
65.75,0
66.125,0
63.125,0
65.55555555555556,0
57.875,0
65.66666666666667,0
67.77777777777777,0
68.625,0
63.25,0
66.875,0
63.55555555555556,0
59.875,0
66.77777777777777,0
66.125,0
67.71428571428571,0
69.125,0
66.625,0
62.111111111111114,0
62.125,0
66.0,0
64.25,0
61.888888888888886,0
68.125,0
65.75,0
64.0,0
66.11111111111111,0
62.625,0
67.375,0
60.666666666666664,0
69.0,0
53.333333333333336,0
60.5,0
66.88888888888889,0
69.25,0
58.77777777777778,0
58.875,0
65.88888888888889,0
61.375,0
62.625,0
65.0,0
60.0,0
62.125,0
60.666666666666664,0
52.0,0
50.625,0
65.875,0
52.333333333333336,0
63.25,0
59.333333333333336,0
62.44444444444444,0
66.75,0
53.25,0
67.125,0
62.55555555555556,0
66.5,0
61.125,0
66.5,0
53.22222222222222,0
64.14285714285714,0
56.666666666666664,0
65.57142857142857,0
55.333333333333336,0
59.5,0
65.375,0
65.55555555555556,0
61.75,0
64.66666666666667,0
57.77777777777778,0
67.875,0
62.375,0
64.75,0
61.22222222222222,0
65.42857142857143,0
60.75,0
64.875,0
68.66666666666667,0
57.0,0
62.875,0
64.66666666666667,0
64.44444444444444,0
65.0,0
62.5,0
56.25,0
65.11111111111111,0
68.5,0
63.111111111111114,0
66.875,0
64.88888888888889,0
67.5,0
66.375,0
66.11111111111111,0
66.25,0
64.66666666666667,0
66.33333333333333,0
64.375,0
64.77777777777777,0
65.125,0
63.888888888888886,0
60.875,0
40.0,0
31.22222222222222,0
30.75,0
31.75,0
32.666666666666664,0
31.0,0
57.888888888888886,0
55.375,0
50.77777777777778,0
59.75,0
47.375,0
61.75,0
58.22222222222222,0
46.75,0
58.875,0
65.11111111111111,0
63.0,0
64.44444444444444,0
67.375,0
65.88888888888889,0
65.875,0
65.75,0
66.57142857142857,0
66.66666666666667,0
63.5,0
64.375,0
64.5,0
67.44444444444444,0
60.25,0
63.77777777777778,0
63.77777777777778,0
67.5,0
0.0,0
0.0,0
0.0,0
0.0,0
0.0,0
0.0,0
0.0,0
0.0,0
0.0,0
0.0,0
0.0,0
0.0,0
0.0,0
0.0,0
0.0,0
0.0,0
0.0,0
0.0,0
0.0,0
0.0,0
0.0,0
0.0,0
0.0,0
0.0,0
0.0,0
0.0,0
0.0,0
0.0,0
0.0,0
0.0,0
0.0,0
0.0,0
0.0,0
0.0,0
0.0,0
0.0,0
0.0,0
0.0,0
0.0,0
0.0,0
0.0,0
0.0,0
0.0,0
0.0,0
0.0,0
0.0,0
0.0,0
0.0,0
0.0,0
0.0,0
0.0,0
0.0,0
0.0,0
0.0,0
0.0,0
0.0,0
0.0,0
0.0,0
0.0,0
0.0,0
0.0,0
0.0,0
0.0,0
0.0,0
0.0,0
0.0,0
0.0,0
0.0,0
0.0,0
0.0,0
0.0,0
0.0,0
0.0,0
0.0,0
0.0,0
0.0,0
0.0,0
0.0,0
0.0,0
0.0,0
0.0,0
0.0,0
0.0,0
0.0,0
0.0,0
0.0,0
0.0,0
0.0,0
0.0,0
0.0,0
0.0,0
0.0,0
0.0,0
0.0,0
0.0,0
0.0,0
0.0,0
0.0,0
0.0,0
0.0,0
0.0,0
0.0,0
0.0,0
0.0,0
0.0,0
0.0,0
0.0,0
0.0,0
0.0,0
0.0,0
0.0,0
0.0,0
0.0,0
0.0,0
0.0,0
0.0,0
0.0,0
0.0,0
0.0,0
0.0,0
0.0,0
0.0,0
0.0,0
0.0,0
0.0,0
0.0,0
0.0,0
0.0,0
0.0,0
0.0,0
0.0,0
0.0,0
0.0,0
0.0,0
0.0,0
0.0,0
0.0,0
0.0,0
0.0,0
0.0,0
0.0,0
0.0,0
0.0,0
0.0,0
0.0,0
0.0,0
0.0,0
0.0,0
0.0,0
0.0,0
0.0,0
0.0,0
0.0,0
0.0,0
0.0,0
0.0,0
0.0,0
0.0,0
0.0,0
0.0,0
0.0,0
0.0,0
0.0,0
0.0,0
0.0,0
0.0,0
0.0,0
0.0,0
0.0,0
0.0,0
0.0,0
0.0,0
0.0,0
0.0,0
0.0,0
0.0,0
0.0,0
0.0,0
0.0,0
0.0,0
0.0,0
0.0,0
0.0,0
0.0,0
0.0,0
0.0,0
0.0,0
0.0,0
0.0,0
0.0,0
0.0,0
0.0,0
0.0,0
0.0,0
0.0,0
0.0,0
0.0,0
0.0,0
0.0,0
0.0,0
0.0,0
0.0,0
0.0,0
0.0,0
0.0,0
0.0,0
0.0,0
0.0,0
0.0,0
0.0,0
0.0,0
0.0,0
0.0,0
0.0,0
0.0,0
0.0,0
0.0,0
0.0,0
0.0,0
0.0,0
0.0,0
0.0,0
0.0,0
0.0,0
0.0,0
0.0,0
0.0,0
0.0,0
0.0,0
0.0,0
0.0,0
0.0,0
0.0,0
0.0,0
0.0,0
0.0,0
0.0,0
0.0,0
0.0,0
0.0,0
0.0,0
0.0,0
0.0,0
0.0,0
0.0,0
0.0,0
0.0,0
0.0,0
0.0,0
0.0,0
0.0,0
0.0,0
0.0,0
0.0,0
0.0,0
0.0,0
0.0,0
0.0,0
0.0,0
0.0,0
0.0,0
0.0,0
0.0,0
0.0,0
0.0,0
0.0,0
0.0,0
0.0,0
0.0,0
0.0,0
0.0,0
0.0,0
0.0,0
0.0,0
0.0,0
0.0,0
0.0,0
0.0,0
0.0,0
0.0,0
0.0,0
0.0,0
0.0,0
0.0,0
0.0,0
0.0,0
0.0,0
0.0,0
0.0,0
0.0,0
0.0,0
0.0,0
0.0,0
0.0,0
0.0,0
0.0,0
0.0,0
0.0,0
0.0,0
0.0,0
0.0,0
0.0,0
0.0,0
0.0,0
0.0,0
0.0,0
0.0,0
0.0,0
0.0,0
0.0,0
0.0,0
0.0,0
0.0,0
0.0,0
0.0,0
0.0,0
0.0,0
0.0,0
0.0,0
0.0,0
0.0,0
0.0,0
0.0,0
0.0,0
0.0,0
0.0,0
0.0,0
0.0,0
0.0,0
0.0,0
0.0,0
0.0,0
0.0,0
0.0,0
0.0,0
0.0,0
0.0,0
0.0,0
0.0,0
0.0,0
0.0,0
0.0,0
0.0,0
0.0,0
0.0,0
0.0,0
0.0,0
0.0,0
0.0,0
0.0,0
0.0,0
0.0,0
0.0,0
0.0,0
0.0,0
0.0,0
0.0,0
0.0,0
0.0,0
0.0,0
0.0,0
0.0,0
0.0,0
0.0,0
0.0,0
0.0,0
0.0,0
0.0,0
0.0,0
0.0,0
0.0,0
0.0,0
0.0,0
0.0,0
0.0,0
0.0,0
0.0,0
0.0,0
0.0,0
0.0,0
0.0,0
0.0,0
0.0,0
0.0,0
0.0,0
0.0,0
0.0,0
0.0,0
0.0,0
0.0,0
0.0,0
0.0,0
0.0,0
0.0,0
0.0,0
0.0,0
0.0,0
0.0,0
0.0,0
0.0,0
0.0,0
0.0,0
0.0,0
0.0,0
0.0,0
0.0,0
0.0,0
0.0,0
0.0,0
0.0,0
0.0,0
0.0,0
0.0,0
0.0,0
0.0,0
0.0,0
0.0,0
0.0,0
0.0,0
0.0,0
0.0,0
0.0,0
0.0,0
0.0,0
0.0,0
0.0,0
0.0,0
0.0,0
0.0,0
0.0,0
0.0,0
0.0,0
0.0,0
0.0,0
0.0,0
0.0,0
0.0,0
0.0,0
0.0,0
0.0,0
0.0,0
0.0,0
0.0,0
0.0,0
0.0,0
0.0,0
0.0,0
0.0,0
0.0,0
0.0,0
0.0,0
0.0,0
0.0,0
0.0,0
0.0,0
0.0,0
0.0,0
0.0,0
0.0,0
0.0,0
0.0,0
0.0,0
0.0,0
0.0,0
0.0,0
0.0,0
0.0,0
0.0,0
0.0,0
0.0,0
0.0,0
0.0,0
0.0,0
0.0,0
0.0,0
0.0,0
0.0,0
0.0,0
0.0,0
0.0,0
0.0,0
0.0,0
0.0,0
0.0,0
0.0,0
0.0,0
0.0,0
0.0,0
0.0,0
0.0,0
0.0,0
0.0,0
0.0,0
0.0,0
0.0,0
0.0,0
0.0,0
0.0,0
0.0,0
0.0,0
0.0,0
0.0,0
0.0,0
0.0,0
0.0,0
0.0,0
0.0,0
0.0,0
0.0,0
0.0,0
0.0,0
0.0,0
0.0,0
0.0,0
0.0,0
0.0,0
0.0,0
0.0,0
0.0,0
0.0,0
0.0,0
0.0,0
0.0,0
0.0,0
0.0,0
0.0,0
0.0,0
0.0,0
0.0,0
0.0,0
0.0,0
0.0,0
0.0,0
0.0,0
0.0,0
0.0,0
0.0,0
0.0,0
0.0,0
0.0,0
0.0,0
0.0,0
0.0,0
0.0,0
0.0,0
0.0,0
0.0,0
0.0,0
0.0,0
0.0,0
0.0,0
0.0,0
0.0,0
0.0,0
0.0,0
0.0,0
0.0,0
0.0,0
0.0,0
0.0,0
0.0,0
0.0,0
0.0,0
0.0,0
0.0,0
0.0,0
0.0,0
0.0,0
0.0,0
0.0,0
0.0,0
0.0,0
0.0,0
0.0,0
0.0,0
0.0,0
0.0,0
0.0,0
59.5,0
62.55555555555556,0
63.57142857142857,0
66.11111111111111,0
57.625,0
66.0,0
58.5,0
59.75,0
64.625,0
63.375,0
65.25,0
62.55555555555556,0
59.57142857142857,0
59.0,0
56.25,0
61.55555555555556,0
60.625,0
65.875,0
63.888888888888886,0
65.5,0
65.77777777777777,0
61.55555555555556,0
62.5,0
63.888888888888886,0
62.857142857142854,0
63.55555555555556,0
58.375,0
64.0,0
61.25,0
50.44444444444444,0
60.75,0
64.11111111111111,0
64.42857142857143,0
63.22222222222222,0
63.625,0
65.875,0
63.625,0
64.125,0
65.0,0
60.125,0
63.44444444444444,0
56.375,0
38.375,0
28.5,0
35.44444444444444,0
55.75,0
49.125,0
63.25,0
44.75,0
31.444444444444443,0
30.875,0
32.666666666666664,0
29.875,0
29.875,0
28.22222222222222,0
27.625,0
29.625,0
27.285714285714285,0
30.88888888888889,0
33.25,0
28.0,0
25.875,0
27.88888888888889,0
26.75,0
29.555555555555557,0
28.875,0
27.125,0
28.285714285714285,0
27.88888888888889,0
27.0,0
26.75,0
26.75,0
29.571428571428573,0
28.666666666666668,0
17.25,0
9.375,0
14.333333333333334,0
22.875,0
24.11111111111111,0
27.875,0
28.0,0
25.375,0
24.333333333333332,0
28.0,0
26.555555555555557,0
23.625,0
28.125,0
23.5,0
26.11111111111111,0
26.125,0
29.25,0
26.444444444444443,0
31.625,0
30.0,0
26.5,0
28.88888888888889,0
31.125,0
28.25,0
25.625,0
29.333333333333332,0
50.375,0
64.125,0
61.875,0
53.75,0
54.44444444444444,0
54.875,0
55.625,0
64.44444444444444,0
66.5,0
60.57142857142857,0
63.125,0
67.125,0
55.666666666666664,0
58.125,0
51.22222222222222,0
62.0,0
64.55555555555556,0
58.375,0
59.55555555555556,0
66.75,0
62.77777777777778,0
62.142857142857146,0
65.22222222222223,0
63.0,0
63.888888888888886,0
62.25,0
63.22222222222222,0
63.125,0
57.5,0
66.11111111111111,0
68.375,0
65.33333333333333,0
59.0,0
64.625,0
67.66666666666667,0
67.75,0
60.375,0
62.875,0
66.44444444444444,0
65.375,0
67.0,0
67.66666666666667,0
64.22222222222223,0
55.25,0
64.66666666666667,0
66.0,0
60.57142857142857,0
66.66666666666667,0
68.14285714285714,0
61.666666666666664,0
60.375,0
60.75,0
60.625,0
65.25,0
64.0,0
60.625,0
65.88888888888889,0
68.125,0
49.875,0
65.625,0
61.333333333333336,0
65.44444444444444,0
68.25,0
62.111111111111114,0
66.25,0
62.77777777777778,0
61.625,0
64.5,0
63.125,0
65.55555555555556,0
63.0,0
64.55555555555556,0
65.22222222222223,0
67.25,0
69.22222222222223,0
62.5,0
63.625,0
68.44444444444444,0
66.66666666666667,0
63.42857142857143,0
64.77777777777777,0
62.0,0
67.22222222222223,0
65.75,0
65.66666666666667,0
64.5,0
61.44444444444444,0
63.0,0
61.0,0
61.75,0
67.22222222222223,0
67.0,0
66.42857142857143,0
67.125,0
64.55555555555556,0
63.25,0
66.11111111111111,0
65.25,0
66.77777777777777,0
63.875,0
58.888888888888886,0
68.625,0
63.22222222222222,0
55.666666666666664,0
64.0,0
56.25,0
60.0,0
64.66666666666667,0
67.125,0
62.833333333333336,0
67.875,0
65.88888888888889,0
59.875,0
66.375,0
64.44444444444444,0
59.714285714285715,0
57.888888888888886,0
61.0,0
59.625,0
65.125,0
58.333333333333336,0
53.375,0
68.625,0
60.0,0
64.33333333333333,0
65.0,0
53.42857142857143,0
51.25,0
61.25,0
66.88888888888889,0
62.625,0
61.55555555555556,0
55.857142857142854,0
64.44444444444444,0
64.375,0
65.66666666666667,0
64.125,0
65.25,0
64.22222222222223,0
64.77777777777777,0
56.5,0
55.888888888888886,0
46.375,0
61.0,0
66.375,0
64.55555555555556,0
61.375,0
57.333333333333336,0
65.75,0
65.77777777777777,0
60.77777777777778,0
69.125,0
68.0,0
68.5,0
66.5,0
66.44444444444444,0
67.75,0
68.125,0
67.0,0
67.625,0
66.375,0
66.44444444444444,0
67.75,0
67.11111111111111,0
67.75,0
67.5,0
68.55555555555556,0
67.875,0
67.25,0
68.375,0
67.44444444444444,0
69.0,0
68.875,0
66.375,0
66.77777777777777,0
68.0,0
68.125,0
68.0,0
67.22222222222223,0
67.875,0
58.375,0
67.625,0
67.0,0
67.375,0
67.22222222222223,0
67.625,0
67.55555555555556,0
68.625,0
66.11111111111111,0
67.0,0
66.875,0
65.55555555555556,0
67.25,0
66.875,0
66.0,0
66.66666666666667,0
68.0,0
67.0,0
67.44444444444444,0
67.0,0
67.125,0
65.11111111111111,0
65.75,0
64.33333333333333,0
67.5,0
67.11111111111111,0
61.375,0
40.75,0
62.666666666666664,0
66.875,0
67.71428571428571,0
66.375,0
62.888888888888886,0
64.44444444444444,0
58.0,0
67.22222222222223,0
64.625,0
62.0,0
66.375,0
65.875,0
62.5,0
56.333333333333336,0
64.75,0
64.44444444444444,0
60.625,0
63.888888888888886,0
64.125,0
59.714285714285715,0
57.333333333333336,0
55.875,0
55.666666666666664,0
63.25,0
56.0,0
58.0,0
59.0,0
58.25,0
62.111111111111114,0
62.625,0
57.0,0
56.111111111111114,0
65.125,0
65.75,0
63.5,0
64.22222222222223,0
65.5,0
65.75,0
67.25,0
64.55555555555556,0
64.5,0
67.66666666666667,0
64.5,0
66.125,0
68.625,0
67.5,0
67.11111111111111,0
66.875,0
57.375,0
67.0,0
68.0,0
64.125,0
68.0,0
67.5,0
66.375,0
65.33333333333333,0
66.75,0
65.75,0
58.888888888888886,0
64.875,0
67.625,0
67.55555555555556,0
68.77777777777777,0
67.25,0
66.44444444444444,0
66.5,0
68.0,0
67.5,0
65.875,0
66.44444444444444,0
66.625,0
59.5,0
67.11111111111111,0
67.25,0
66.375,0
66.125,0
67.875,0
66.125,0
68.66666666666667,0
66.75,0
64.75,0
65.0,0
68.375,0
66.55555555555556,0
68.25,0
66.57142857142857,0
68.0,0
67.0,0
66.55555555555556,0
66.125,0
64.88888888888889,0
64.625,0
63.714285714285715,0
63.888888888888886,0
63.125,0
66.25,0
64.55555555555556,0
64.0,0
65.0,0
63.5,0
63.0,0
65.11111111111111,0
67.25,0
65.85714285714286,0
65.88888888888889,0
66.125,0
67.375,0
67.5,0
65.77777777777777,0
66.5,0
67.875,0
66.0,0
67.5,0
67.66666666666667,0
66.5,0
67.33333333333333,0
66.85714285714286,0
68.44444444444444,0
68.25,0
66.77777777777777,0
67.85714285714286,0
66.77777777777777,0
67.0,0
68.33333333333333,0
66.0,0
67.25,0
68.44444444444444,0
65.875,0
67.375,0
65.75,0
67.625,0
66.5,0
67.0,0
67.14285714285714,0
66.22222222222223,0
66.375,0
66.33333333333333,0
68.25,0
66.625,0
63.875,0
64.75,0
66.88888888888889,0
66.77777777777777,0
67.375,0
66.85714285714286,0
68.0,0
65.25,0
66.11111111111111,0
64.33333333333333,0
64.25,0
68.0,0
66.0,0
69.125,0
66.625,0
68.33333333333333,0
68.5,0
67.11111111111111,0
68.875,0
68.125,0
66.11111111111111,0
68.75,0
67.25,0
63.875,0
69.125,0
65.66666666666667,0
64.375,0
68.375,0
66.75,0
65.77777777777777,0
66.375,0
68.11111111111111,0
65.66666666666667,0
69.42857142857143,0
62.44444444444444,0
67.57142857142857,0
63.875,0
67.0,0
66.44444444444444,0
66.375,0
65.5,0
66.11111111111111,0
67.125,0
60.0,0
66.33333333333333,0
64.625,0
66.625,0
63.25,0
66.55555555555556,0
69.375,0
69.0,0
69.25,0
66.875,0
68.875,0
67.11111111111111,0
62.75,0
60.111111111111114,0
58.0,0
55.888888888888886,0
64.25,0
68.0,0
60.375,0
60.75,0
68.25,0
66.71428571428571,0
69.375,0
65.33333333333333,0
67.25,0
61.111111111111114,0
65.33333333333333,0
62.375,0
64.375,0
64.0,0
67.375,0
66.5,0
67.22222222222223,0
62.375,0
68.44444444444444,0
65.375,0
65.875,0
67.125,0
67.44444444444444,0
61.375,0
64.75,0
61.77777777777778,0
68.625,0
66.75,0
66.75,0
67.5,0
67.44444444444444,0
68.375,0
69.375,0
67.44444444444444,0
67.625,0
67.0,0
68.77777777777777,0
68.125,0
67.625,0
68.875,0
69.33333333333333,0
69.75,0
69.125,0
69.0,0
67.88888888888889,0
69.625,0
67.66666666666667,0
70.0,0
68.33333333333333,0
67.625,0
69.125,0
68.0,0
68.75,0
68.55555555555556,0
68.5,0
69.875,0
69.25,0
67.44444444444444,0
68.25,0
69.125,0
68.75,0
68.77777777777777,0
67.875,0
68.22222222222223,0
68.5,0
69.11111111111111,0
68.0,0
68.33333333333333,0
69.125,0
69.66666666666667,0
69.5,0
69.375,0
68.25,0
68.22222222222223,0
69.75,0
69.125,0
68.875,0
69.25,0
69.125,0
69.5,0
68.66666666666667,0
69.375,0
69.0,0
69.0,0
68.88888888888889,0
68.875,0
68.88888888888889,0
69.5,0
68.75,0
68.25,0
67.66666666666667,0
67.375,0
66.875,0
66.22222222222223,0
66.875,0
66.28571428571429,0
66.75,0
69.0,0
68.0,0
69.0,0
69.625,0
69.5,0
66.77777777777777,0
68.125,0
67.33333333333333,0
67.625,0
68.44444444444444,0
67.875,0
68.375,0
68.0,0
68.0,0
68.25,0
67.625,0
67.55555555555556,0
67.125,0
68.75,0
67.5,0
68.22222222222223,0
68.25,0
67.77777777777777,0
68.625,0
67.33333333333333,0
65.44444444444444,0
68.375,0
67.11111111111111,0
67.875,0
68.625,0
68.55555555555556,0
69.125,0
61.0,0
67.22222222222223,0
68.875,0
68.5,0
66.44444444444444,0
66.88888888888889,0
68.75,0
64.125,0
57.125,0
68.75,0
68.55555555555556,0
63.57142857142857,0
69.25,0
67.375,0
66.88888888888889,0
67.33333333333333,0
69.125,0
68.33333333333333,0
68.5,0
63.625,0
56.333333333333336,0
39.333333333333336,0
48.0,0
34.111111111111114,0
58.75,0
66.66666666666667,0
67.625,0
67.375,0
67.0,0
67.66666666666667,0
67.25,0
69.44444444444444,0
66.875,0
67.88888888888889,0
69.375,0
69.125,0
69.125,0
68.44444444444444,0
69.5,0
68.0,0
68.44444444444444,0
68.25,0
69.5,0
69.88888888888889,0
67.625,0
69.375,0
69.5,0
69.44444444444444,0
68.25,0
69.77777777777777,0
68.625,0
68.75,0
66.75,0
68.11111111111111,0
66.42857142857143,0
66.625,0
66.55555555555556,0
66.625,0
66.375,0
67.66666666666667,0
60.125,0
68.875,0
67.66666666666667,0
68.125,0
67.875,0
67.55555555555556,0
69.0,0
68.44444444444444,0
66.5,0
69.125,0
68.125,0
66.875,0
68.875,0
67.75,0
68.66666666666667,0
68.25,0
68.125,0
69.33333333333333,0
68.75,0
69.0,0
66.625,0
67.0,0
67.5,0
68.375,0
65.88888888888889,0
67.75,0
66.55555555555556,0
60.625,0
68.75,0
68.77777777777777,0
67.25,0
68.875,0
68.11111111111111,0
66.75,0
69.11111111111111,0
67.5,0
68.22222222222223,0
66.75,0
64.25,0
69.22222222222223,0
68.5,0
67.57142857142857,0
65.55555555555556,0
69.375,0
69.0,0
64.77777777777777,0
68.75,0
63.888888888888886,0
62.875,0
68.0,0
66.5,0
63.44444444444444,0
65.0,0
63.44444444444444,0
66.625,0
67.0,0
66.0,0
0.0,0
0.0,0
0.0,0
0.0,0
0.0,0
0.0,0
0.0,0
0.0,0
0.0,0
69.33333333333333,0
68.11111111111111,0
56.5,0
68.25,0
61.77777777777778,0
67.11111111111111,0
67.125,0
64.25,0
68.77777777777777,0
56.375,0
69.11111111111111,0
58.875,0
64.0,0
65.22222222222223,0
61.125,0
64.375,0
66.55555555555556,0
69.0,0
68.55555555555556,0
64.25,0
59.0,0
65.375,0
65.125,0
65.0,0
69.25,0
63.125,0
60.875,0
64.0,0
63.55555555555556,0
55.875,0
62.25,0
69.0,0
64.33333333333333,0
65.5,0
65.875,0
65.22222222222223,0
65.875,0
65.375,0
61.55555555555556,0
66.125,0
62.111111111111114,0
64.125,0
66.0,0
62.55555555555556,0
68.0,0
67.71428571428571,0
63.44444444444444,0
69.0,0
63.25,0
65.25,0
60.22222222222222,0
66.375,0
66.11111111111111,0
67.11111111111111,0
66.875,0
64.5,0
66.55555555555556,0
66.75,0
66.55555555555556,0
68.75,0
66.22222222222223,0
68.33333333333333,0
67.75,0
66.25,0
64.875,0
59.625,0
64.5,0
57.375,0
63.625,0
64.5,0
43.77777777777778,0
30.875,0
49.0,0
64.75,0
54.77777777777778,0
60.125,0
63.875,0
65.125,0
63.0,0
62.22222222222222,0
63.5,0
65.875,0
66.625,0
66.25,0
63.25,0
65.11111111111111,0
62.625,0
61.77777777777778,0
66.625,0
63.875,0
65.22222222222223,0
65.875,0
63.111111111111114,0
64.25,0
66.75,0
65.375,0
61.111111111111114,0
61.888888888888886,0
63.0,0
66.625,0
64.25,0
66.0,0
65.5,0
63.625,0
66.5,0
65.0,0
63.375,0
66.375,0
67.875,0
65.5,0
63.75,0
67.0,0
62.25,0
64.33333333333333,0
67.5,0
64.0,0
62.77777777777778,0
65.625,0
65.28571428571429,0
64.22222222222223,0
62.375,0
64.66666666666667,0
66.625,0
57.375,0
67.33333333333333,0
66.44444444444444,0
65.77777777777777,0
64.875,0
65.75,0
65.55555555555556,0
64.0,0
59.44444444444444,0
50.625,0
42.5,0
37.875,0
36.625,0
49.5,0
63.0,0
64.125,0
63.75,0
64.375,0
53.888888888888886,0
39.125,0
63.111111111111114,0
64.44444444444444,0
64.125,0
65.22222222222223,0
63.333333333333336,0
66.0,0
65.66666666666667,0
64.25,0
63.22222222222222,0
64.88888888888889,0
63.375,0
60.375,0
67.375,0
64.0,0
65.77777777777777,0
62.25,0
63.111111111111114,0
68.375,0
68.25,0
68.88888888888889,0
67.375,0
65.22222222222223,0
66.0,0
68.77777777777777,0
66.42857142857143,0
67.88888888888889,0
69.75,0
67.5,0
67.22222222222223,0
67.25,0
67.875,0
66.66666666666667,0
64.75,0
65.88888888888889,0
66.625,0
68.75,0
66.22222222222223,0
67.22222222222223,0
65.42857142857143,0
52.666666666666664,0
29.0,0
27.375,0
23.88888888888889,0
26.25,0
26.5,0
26.625,0
27.22222222222222,0
26.375,0
28.875,0
32.57142857142857,0
28.666666666666668,0
29.666666666666668,0
28.142857142857142,0
26.75,0
24.333333333333332,0
29.25,0
31.22222222222222,0
36.75,0
45.5,0
66.625,0
67.66666666666667,0
66.625,0
67.125,0
66.75,0
68.375,0
60.55555555555556,0
68.0,0
67.625,0
68.11111111111111,0
66.875,0
67.0,0
67.0,0
67.375,0
65.5,0
66.125,0
67.42857142857143,0
65.55555555555556,0
65.5,0
65.77777777777777,0
66.125,0
67.625,0
66.22222222222223,0
67.25,0
67.44444444444444,0
66.88888888888889,0
66.625,0
67.0,0
66.25,0
65.11111111111111,0
67.75,0
67.75,0
68.28571428571429,0
67.5,0
66.125,0
67.75,0
64.22222222222223,0
68.66666666666667,0
65.375,0
66.55555555555556,0
65.5,0
64.5,0
65.0,0
65.33333333333333,0
64.14285714285714,0
67.0,0
67.66666666666667,0
64.75,0
66.22222222222223,0
66.875,0
63.0,0
66.375,0
64.11111111111111,0
65.75,0
65.44444444444444,0
62.75,0
57.0,0
66.375,0
67.66666666666667,0
64.11111111111111,0
64.25,0
64.11111111111111,0
62.25,0
60.75,0
62.5,0
57.5,0
67.85714285714286,0
58.75,0
66.11111111111111,0
62.625,0
61.5,0
67.11111111111111,0
62.375,0
68.0,0
64.88888888888889,0
63.75,0
62.125,0
65.0,0
65.55555555555556,0
60.625,0
58.77777777777778,0
57.875,0
69.25,0
60.625,0
66.5,0
59.375,0
58.111111111111114,0
59.875,0
61.25,0
59.75,0
65.11111111111111,0
59.75,0
69.625,0
66.125,0
62.25,0
63.77777777777778,0
54.5,0
65.57142857142857,0
62.0,0
52.77777777777778,0
58.375,0
49.875,0
52.0,0
68.33333333333333,0
63.22222222222222,0
65.25,0
67.5,0
49.111111111111114,0
46.0,0
62.333333333333336,0
51.75,0
63.875,0
61.22222222222222,0
66.77777777777777,0
53.125,0
47.5,0
63.111111111111114,0
56.42857142857143,0
67.22222222222223,0
63.625,0
60.888888888888886,0
59.25,0
64.44444444444444,0
61.875,0
58.125,0
65.22222222222223,0
62.44444444444444,0
66.625,0
60.875,0
66.125,0
63.0,0
65.66666666666667,0
67.88888888888889,0
66.25,0
66.33333333333333,0
64.0,0
66.875,0
66.77777777777777,0
66.125,0
64.44444444444444,0
67.5,0
65.125,0
65.625,0
67.77777777777777,0
68.0,0
68.625,0
66.0,0
68.55555555555556,0
67.375,0
66.375,0
68.11111111111111,0
66.22222222222223,0
66.66666666666667,0
64.0,0
61.5,0
58.125,0
63.75,0
61.0,0
60.77777777777778,0
66.75,0
66.44444444444444,0
64.375,0
63.22222222222222,0
64.33333333333333,0
64.625,0
66.5,0
63.75,0
63.333333333333336,0
65.14285714285714,0
66.75,0
66.625,0
66.625,0
63.5,0
64.88888888888889,0
67.375,0
65.625,0
67.125,0
66.55555555555556,0
66.25,0
66.11111111111111,0
68.375,0
67.0,0
66.125,0
66.625,0
64.77777777777777,0
64.75,0
62.666666666666664,0
68.125,0
64.77777777777777,0
66.375,0
64.375,0
65.77777777777777,0
65.375,0
62.625,0
65.25,0
67.0,0
65.44444444444444,0
64.25,0
66.11111111111111,0
63.0,0
66.0,0
64.125,0
63.77777777777778,0
64.125,0
66.25,0
62.55555555555556,0
61.22222222222222,0
66.125,0
63.875,0
64.44444444444444,0
66.375,0
65.875,0
67.875,0
66.66666666666667,0
65.5,0
68.125,0
66.25,0
66.44444444444444,0
66.375,0
66.77777777777777,0
66.0,0
64.22222222222223,0
61.0,0
65.75,0
65.375,0
65.0,0
66.625,0
65.11111111111111,0
67.5,0
66.55555555555556,0
66.28571428571429,0
63.333333333333336,0
64.33333333333333,0
65.33333333333333,0
61.25,0
64.0,0
62.57142857142857,0
63.111111111111114,0
65.0,0
56.5,0
65.77777777777777,0
64.5,0
62.55555555555556,0
65.5,0
64.375,0
64.375,0
67.5,0
63.44444444444444,0
63.875,0
63.5,0
62.44444444444444,0
46.125,0
37.0,0
54.333333333333336,0
66.22222222222223,0
66.375,0
63.625,0
64.375,0
63.22222222222222,0
64.75,0
66.625,0
64.875,0
64.55555555555556,0
64.33333333333333,0
65.75,0
55.77777777777778,0
42.0,0
47.125,0
30.25,0
29.875,0
27.77777777777778,0
28.375,0
22.75,0
25.555555555555557,0
28.375,0
25.77777777777778,0
29.25,0
33.0,0
31.5,0
46.111111111111114,0
56.5,0
35.125,0
26.625,0
30.77777777777778,0
29.25,0
31.0,0
28.75,0
26.666666666666668,0
30.0,0
50.0,0
58.875,0
67.125,0
65.66666666666667,0
65.55555555555556,0
65.5,0
64.44444444444444,0
68.75,0
66.125,0
65.375,0
68.57142857142857,0
67.0,0
64.0,0
66.875,0
65.75,0
66.625,0
66.33333333333333,0
64.375,0
67.125,0
65.875,0
66.125,0
68.0,0
64.75,0
67.375,0
65.625,0
65.11111111111111,0
68.125,0
65.88888888888889,0
62.875,0
60.375,0
67.11111111111111,0
66.125,0
63.111111111111114,0
64.77777777777777,0
65.625,0
66.33333333333333,0
66.875,0
67.0,0
66.0,0
67.875,0
67.66666666666667,0
65.625,0
69.5,0
68.66666666666667,0
68.625,0
65.5,0
67.5,0
66.875,0
66.55555555555556,0
67.125,0
68.77777777777777,0
64.0,0
67.75,0
66.33333333333333,0
62.25,0
65.66666666666667,0
58.5,0
66.33333333333333,0
62.333333333333336,0
62.285714285714285,0
65.33333333333333,0
62.0,0
66.75,0
62.0,0
0.0,0
0.0,0
0.0,0
0.0,0
0.0,0
0.0,0
0.0,0
0.0,0
0.0,0
0.0,0
0.0,0
0.0,0
0.0,0
0.0,0
0.0,0
0.0,0
0.0,0
0.0,0
0.0,0
0.0,0
0.0,0
0.0,0
0.0,0
0.0,0
0.0,0
0.0,0
0.0,0
0.0,0
0.0,0
0.0,0
0.0,0
0.0,0
0.0,0
0.0,0
0.0,0
0.0,0
0.0,0
0.0,0
0.0,0
0.0,0
0.0,0
0.0,0
0.0,0
0.0,0
0.0,0
0.0,0
0.0,0
0.0,0
0.0,0
0.0,0
0.0,0
0.0,0
0.0,0
0.0,0
0.0,0
0.0,0
0.0,0
0.0,0
0.0,0
0.0,0
0.0,0
0.0,0
0.0,0
0.0,0
0.0,0
0.0,0
0.0,0
0.0,0
0.0,0
0.0,0
0.0,0
0.0,0
0.0,0
0.0,0
0.0,0
0.0,0
0.0,0
0.0,0
0.0,0
0.0,0
0.0,0
0.0,0
0.0,0
0.0,0
0.0,0
0.0,0
0.0,0
0.0,0
0.0,0
0.0,0
0.0,0
0.0,0
0.0,0
0.0,0
0.0,0
0.0,0
0.0,0
0.0,0
0.0,0
0.0,0
0.0,0
0.0,0
0.0,0
0.0,0
0.0,0
0.0,0
0.0,0
0.0,0
0.0,0
0.0,0
0.0,0
0.0,0
0.0,0
0.0,0
0.0,0
0.0,0
0.0,0
0.0,0
0.0,0
0.0,0
0.0,0
0.0,0
0.0,0
0.0,0
0.0,0
0.0,0
0.0,0
0.0,0
0.0,0
0.0,0
0.0,0
0.0,0
0.0,0
0.0,0
0.0,0
0.0,0
0.0,0
0.0,0
0.0,0
0.0,0
0.0,0
0.0,0
0.0,0
0.0,0
0.0,0
0.0,0
0.0,0
0.0,0
0.0,0
0.0,0
0.0,0
0.0,0
0.0,0
0.0,0
0.0,0
0.0,0
67.77777777777777,0
67.875,0
65.375,0
64.0,0
66.11111111111111,0
64.55555555555556,0
65.125,0
65.0,0
65.625,0
65.75,0
63.75,0
64.125,0
56.666666666666664,0
65.75,0
65.0,0
66.77777777777777,0
65.33333333333333,0
63.25,0
65.33333333333333,0
66.28571428571429,0
67.44444444444444,0
66.875,0
67.25,0
65.22222222222223,0
63.375,0
47.75,0
65.375,0
64.88888888888889,0
66.125,0
63.375,0
64.33333333333333,0
66.25,0
56.5,0
63.25,0
67.0,0
65.375,0
63.666666666666664,0
53.42857142857143,0
57.625,0
53.375,0
59.0,0
38.22222222222222,0
29.5,0
35.55555555555556,0
33.25,0
41.0,0
30.0,0
27.125,0
27.11111111111111,0
25.444444444444443,0
24.375,0
25.625,0
25.375,0
25.125,0
20.25,0
23.11111111111111,0
22.25,0
26.0,0
28.22222222222222,0
22.125,0
29.666666666666668,0
24.625,0
30.625,0
26.77777777777778,0
24.75,0
28.555555555555557,0
33.25,0
32.125,0
39.0,0
44.125,0
58.125,0
67.25,0
69.125,0
66.77777777777777,0
68.375,0
68.125,0
67.55555555555556,0
66.625,0
65.75,0
67.375,0
65.0,0
64.125,0
65.125,0
66.75,0
66.77777777777777,0
65.625,0
61.125,0
68.0,0
68.25,0
66.25,0
64.77777777777777,0
56.44444444444444,0
65.5,0
66.55555555555556,0
67.625,0
68.0,0
67.875,0
58.111111111111114,0
66.125,0
65.875,0
61.111111111111114,0
65.25,0
68.66666666666667,0
64.375,0
68.125,0
67.25,0
68.77777777777777,0
67.0,0
67.0,0
68.0,0
67.11111111111111,0
63.875,0
56.875,0
63.875,0
66.0,0
61.666666666666664,0
64.125,0
63.5,0
64.75,0
62.125,0
60.875,0
57.75,0
64.0,0
61.0,0
64.14285714285714,0
64.375,0
59.25,0
65.625,0
62.0,0
66.625,0
61.22222222222222,0
62.0,0
68.0,0
62.55555555555556,0
63.5,0
65.0,0
60.375,0
65.25,0
66.55555555555556,0
66.77777777777777,0
63.25,0
59.75,0
61.55555555555556,0
68.5,0
60.5,0
61.625,0
64.0,0
62.666666666666664,0
66.375,0
61.142857142857146,0
56.333333333333336,0
66.625,0
55.5,0
64.0,0
61.75,0
50.333333333333336,0
66.5,0
50.125,0
59.25,0
61.0,0
59.375,0
64.375,0
64.0,0
67.0,0
56.0,0
67.33333333333333,0
60.125,0
70.0,0
57.44444444444444,0
49.111111111111114,0
60.5,0
56.5,0
60.0,0
64.75,0
63.666666666666664,0
59.125,0
54.22222222222222,0
59.5,0
65.11111111111111,0
61.75,0
66.66666666666667,0
46.375,0
54.125,0
58.75,0
64.875,0
67.0,0
58.44444444444444,0
62.5,0
62.75,0
63.111111111111114,0
56.25,0
64.66666666666667,0
64.625,0
64.875,0
60.44444444444444,0
60.875,0
62.25,0
60.55555555555556,0
57.125,0
65.0,0
64.0,0
57.375,0
58.888888888888886,0
61.75,0
58.888888888888886,0
62.57142857142857,0
65.66666666666667,0
64.33333333333333,0
66.0,0
61.888888888888886,0
61.25,0
67.0,0
67.55555555555556,0
66.0,0
64.44444444444444,0
65.25,0
63.125,0
66.5,0
65.75,0
65.25,0
59.875,0
65.77777777777777,0
64.75,0
61.285714285714285,0
57.0,0
56.75,0
59.0,0
65.125,0
62.22222222222222,0
63.666666666666664,0
58.0,0
60.375,0
47.42857142857143,0
63.111111111111114,0
62.625,0
58.25,0
58.666666666666664,0
56.375,0
61.25,0
58.0,0
52.75,0
62.888888888888886,0
59.375,0
61.625,0
61.375,0
56.5,0
52.0,0
54.75,0
57.44444444444444,0
59.5,0
56.5,0
53.875,0
54.714285714285715,0
60.0,0
63.0,0
62.55555555555556,0
58.625,0
62.625,0
52.22222222222222,0
53.5,0
54.55555555555556,0
62.5,0
61.75,0
62.625,0
61.0,0
62.22222222222222,0
63.625,0
66.44444444444444,0
62.125,0
66.375,0
63.875,0
62.77777777777778,0
65.71428571428571,0
62.625,0
62.5,0
62.888888888888886,0
64.75,0
59.75,0
64.33333333333333,0
61.375,0
63.875,0
64.11111111111111,0
63.25,0
64.625,0
63.55555555555556,0
65.44444444444444,0
66.25,0
66.0,0
62.42857142857143,0
62.666666666666664,0
63.714285714285715,0
66.25,0
63.625,0
63.888888888888886,0
64.375,0
63.75,0
65.125,0
55.25,0
55.111111111111114,0
43.125,0
32.0,0
50.111111111111114,0
58.75,0
57.125,0
55.375,0
46.77777777777778,0
32.666666666666664,0
38.875,0
54.666666666666664,0
61.333333333333336,0
64.0,0
62.44444444444444,0
61.888888888888886,0
61.44444444444444,0
64.55555555555556,0
64.875,0
63.22222222222222,0
64.125,0
63.333333333333336,0
64.75,0
64.66666666666667,0
63.25,0
64.11111111111111,0
62.5,0
64.88888888888889,0
66.375,0
62.888888888888886,0
51.0,0
59.55555555555556,0
66.0,0
63.888888888888886,0
59.666666666666664,0
35.44444444444444,0
32.55555555555556,0
34.44444444444444,0
31.875,0
26.555555555555557,0
26.0,0
28.22222222222222,0
24.88888888888889,0
33.666666666666664,0
27.88888888888889,0
25.0,0
31.0,0
29.9,0
32.0,0
29.555555555555557,0
35.77777777777778,0
31.0,0
27.0,0
28.666666666666668,0
27.88888888888889,0
29.77777777777778,0
36.0,0
40.22222222222222,0
44.625,0
66.0,0
66.66666666666667,0
65.55555555555556,0
66.66666666666667,0
66.125,0
65.0,0
68.22222222222223,0
67.125,0
68.75,0
64.0,0
66.88888888888889,0
66.5,0
68.11111111111111,0
68.44444444444444,0
68.0,0
65.71428571428571,0
67.11111111111111,0
66.0,0
66.66666666666667,0
65.44444444444444,0
66.55555555555556,0
65.88888888888889,0
66.55555555555556,0
67.6,0
67.66666666666667,0
69.0,0
64.88888888888889,0
65.66666666666667,0
66.625,0
66.75,0
68.44444444444444,0
66.33333333333333,0
68.0,0
58.77777777777778,0
67.875,0
66.77777777777777,0
66.125,0
61.333333333333336,0
66.44444444444444,0
68.0,0
67.0,0
65.66666666666667,0
65.44444444444444,0
58.75,0
66.77777777777777,0
66.66666666666667,0
66.11111111111111,0
66.11111111111111,0
67.44444444444444,0
63.666666666666664,0
66.55555555555556,0
63.666666666666664,0
64.33333333333333,0
69.25,0
67.22222222222223,0
61.22222222222222,0
66.77777777777777,0
65.55555555555556,0
66.66666666666667,0
66.44444444444444,0
58.666666666666664,0
58.77777777777778,0
68.375,0
64.0,0
0.0,0
62.25,0
59.666666666666664,0
62.111111111111114,0
65.22222222222223,0
65.44444444444444,0
65.625,0
62.666666666666664,0
69.22222222222223,0
59.666666666666664,0
64.33333333333333,0
65.33333333333333,0
63.0,0
60.55555555555556,0
57.875,0
64.125,0
60.625,0
67.33333333333333,0
69.75,0
59.888888888888886,0
58.0,0
69.44444444444444,0
60.22222222222222,0
66.55555555555556,0
63.25,0
65.33333333333333,0
62.77777777777778,0
58.333333333333336,0
58.22222222222222,0
58.44444444444444,0
66.11111111111111,0
63.5,0
61.0,0
65.875,0
56.333333333333336,0
59.666666666666664,0
63.77777777777778,0
42.111111111111114,0
66.625,0
64.11111111111111,0
59.0,0
51.77777777777778,0
60.44444444444444,0
59.333333333333336,0
60.75,0
63.6,0
57.0,0
68.77777777777777,0
57.25,0
60.55555555555556,0
62.714285714285715,0
60.125,0
59.0,0
62.0,0
59.75,0
58.55555555555556,0
63.125,0
65.66666666666667,0
55.57142857142857,0
63.55555555555556,0
51.888888888888886,0
68.75,0
64.0,0
63.888888888888886,0
63.625,0
65.0,0
61.77777777777778,0
65.0,0
65.0,0
64.625,0
64.625,0
60.0,0
66.77777777777777,0
60.75,0
68.375,0
65.88888888888889,0
64.5,0
66.77777777777777,0
67.625,0
66.88888888888889,0
58.875,0
67.0,0
67.375,0
65.25,0
66.44444444444444,0
67.125,0
66.77777777777777,0
67.375,0
65.0,0
63.75,0
52.25,0
53.25,0
64.0,0
53.0,0
64.66666666666667,0
63.625,0
64.0,0
65.625,0
62.375,0
54.375,0
57.285714285714285,0
65.11111111111111,0
61.125,0
66.55555555555556,0
60.875,0
63.375,0
64.11111111111111,0
67.125,0
65.0,0
65.125,0
67.55555555555556,0
63.75,0
65.75,0
65.66666666666667,0
67.66666666666667,0
63.75,0
65.44444444444444,0
63.25,0
66.0,0
64.625,0
66.625,0
64.375,0
63.375,0
66.0,0
66.25,0
64.11111111111111,0
62.75,0
64.5,0
64.625,0
66.55555555555556,0
63.0,0
63.75,0
59.5,0
63.55555555555556,0
65.125,0
63.25,0
64.5,0
55.333333333333336,0
62.375,0
67.875,0
65.66666666666667,0
64.375,0
64.375,0
65.11111111111111,0
65.375,0
64.875,0
63.111111111111114,0
61.666666666666664,0
53.75,0
58.333333333333336,0
63.42857142857143,0
61.0,0
57.55555555555556,0
56.375,0
63.75,0
58.625,0
65.0,0
60.0,0
62.75,0
68.0,0
59.25,0
42.333333333333336,0
62.625,0
63.111111111111114,0
64.88888888888889,0
65.25,0
63.44444444444444,0
63.25,0
65.0,0
63.0,0
64.66666666666667,0
54.125,0
56.25,0
61.55555555555556,0
63.375,0
62.666666666666664,0
56.25,0
37.0,0
29.875,0
30.875,0
28.5,0
23.666666666666668,0
27.25,0
30.333333333333332,0
27.875,0
30.88888888888889,0
29.125,0
31.875,0
25.555555555555557,0
25.5,0
35.0,0
30.88888888888889,0
29.0,0
28.125,0
31.22222222222222,0
31.875,0
27.0,0
28.625,0
27.333333333333332,0
26.333333333333332,0
29.11111111111111,0
29.0,0
28.11111111111111,0
22.25,0
28.11111111111111,0
24.428571428571427,0
26.5,0
24.25,0
27.0,0
24.22222222222222,0
28.375,0
25.875,0
25.75,0
20.25,0
29.375,0
28.22222222222222,0
33.0,0
27.5,0
25.625,0
26.555555555555557,0
31.0,0
29.625,0
28.0,0
26.22222222222222,0
32.625,0
36.888888888888886,0
46.25,0
65.5,0
66.75,0
67.11111111111111,0
67.75,0
60.333333333333336,0
68.125,0
67.57142857142857,0
65.22222222222223,0
65.28571428571429,0
62.875,0
66.375,0
64.5,0
65.66666666666667,0
65.125,0
65.77777777777777,0
57.333333333333336,0
65.375,0
61.0,0
64.0,0
58.22222222222222,0
61.875,0
62.25,0
61.0,0
58.42857142857143,0
60.875,0
56.0,0
59.22222222222222,0
67.5,0
65.55555555555556,0
65.875,0
54.75,0
63.22222222222222,0
59.25,0
67.75,0
67.44444444444444,0
63.25,0
67.5,0
62.77777777777778,0
65.125,0
67.55555555555556,0
67.0,0
60.25,0
59.125,0
65.125,0
67.75,0
65.11111111111111,0
64.75,0
68.33333333333333,0
64.875,0
64.88888888888889,0
67.0,0
66.22222222222223,0
67.125,0
66.125,0
66.77777777777777,0
60.25,0
68.55555555555556,0
67.75,0
68.125,0
64.5,0
63.166666666666664,0
65.0,0
64.77777777777777,0
69.25,0
67.11111111111111,0
65.44444444444444,0
68.0,0
67.55555555555556,0
66.14285714285714,0
66.22222222222223,0
67.0,0
63.5,0
67.66666666666667,0
68.375,0
68.88888888888889,0
65.5,0
66.875,0
66.25,0
63.0,0
65.875,0
66.625,0
66.77777777777777,0
64.0,0
65.88888888888889,0
59.0,0
63.0,0
60.25,0
69.0,0
64.5,0
68.77777777777777,0
65.875,0
65.0,0
65.875,0
61.0,0
62.125,0
65.77777777777777,0
66.625,0
51.111111111111114,0
45.0,0
65.66666666666667,0
32.0,0
57.625,0
45.666666666666664,0
63.125,0
57.0,0
58.666666666666664,0
40.0,0
56.0,0
48.125,0
60.75,0
45.333333333333336,0
38.375,0
24.555555555555557,0
55.25,0
61.25,0
59.888888888888886,0
56.666666666666664,0
61.125,0
63.44444444444444,0
58.25,0
57.55555555555556,0
64.55555555555556,0
53.625,0
55.0,0
43.375,0
58.625,0
66.44444444444444,0
62.0,0
53.5,0
58.875,0
66.0,0
67.375,0
69.125,0
65.77777777777777,0
66.875,0
64.11111111111111,0
67.375,0
67.66666666666667,0
68.125,0
67.33333333333333,0
66.77777777777777,0
66.0,0
65.88888888888889,0
65.11111111111111,0
68.875,0
64.0,0
62.625,0
64.875,0
66.11111111111111,0
68.75,0
67.125,0
67.375,0
66.125,0
65.75,0
68.0,0
65.75,0
67.75,0
65.11111111111111,0
60.0,0
59.25,0
67.25,0
67.55555555555556,0
57.875,0
63.75,0
66.55555555555556,0
68.55555555555556,0
67.375,0
67.25,0
66.5,0
63.375,0
66.25,0
65.44444444444444,0
67.0,0
67.42857142857143,0
67.14285714285714,0
66.55555555555556,0
69.125,0
67.25,0
66.11111111111111,0
65.375,0
68.33333333333333,0
66.0,0
68.33333333333333,0
66.875,0
65.88888888888889,0
65.75,0
68.25,0
68.0,0
67.88888888888889,0
66.75,0
56.375,0
68.77777777777777,0
68.125,0
64.22222222222223,0
61.125,0
68.0,0
64.375,0
60.111111111111114,0
65.0,0
64.11111111111111,0
66.25,0
65.55555555555556,0
66.0,0
67.0,0
58.333333333333336,0
65.875,0
62.875,0
66.66666666666667,0
58.75,0
53.0,0
38.875,0
52.333333333333336,0
63.75,0
59.375,0
29.88888888888889,0
28.625,0
36.5,0
66.55555555555556,0
64.25,0
67.375,0
69.5,0
66.44444444444444,0
67.0,0
65.71428571428571,0
58.875,0
57.625,0
63.333333333333336,0
63.125,0
65.44444444444444,0
66.875,0
62.875,0
65.85714285714286,0
67.5,0
67.125,0
67.22222222222223,0
66.5,0
63.888888888888886,0
65.125,0
65.625,0
68.25,0
66.375,0
64.88888888888889,0
68.125,0
67.75,0
66.875,0
59.44444444444444,0
61.375,0
61.0,0
68.0,0
63.25,0
65.55555555555556,0
67.25,0
66.375,0
65.66666666666667,0
66.44444444444444,0
64.25,0
67.625,0
64.66666666666667,0
63.375,0
69.375,0
67.88888888888889,0
67.75,0
66.66666666666667,0
67.55555555555556,0
66.625,0
65.75,0
66.77777777777777,0
66.5,0
60.0,0
60.0,0
55.111111111111114,0
50.625,0
63.285714285714285,0
65.0,0
62.77777777777778,0
65.5,0
66.125,0
64.0,0
57.75,0
55.125,0
64.625,0
65.5,0
68.11111111111111,0
68.375,0
68.125,0
67.25,0
68.57142857142857,0
62.875,0
66.77777777777777,0
68.25,0
68.5,0
66.25,0
67.88888888888889,0
66.55555555555556,0
66.0,0
68.375,0
64.33333333333333,0
62.375,0
65.33333333333333,0
66.25,0
67.55555555555556,0
66.0,0
67.22222222222223,0
66.875,0
68.44444444444444,0
65.77777777777777,0
66.125,0
66.625,0
66.33333333333333,0
67.75,0
68.66666666666667,0
66.5,0
67.5,0
67.11111111111111,0
67.625,0
57.75,0
68.125,0
69.0,0
61.0,0
67.0,0
66.88888888888889,0
57.57142857142857,0
67.44444444444444,0
66.75,0
66.875,0
67.55555555555556,0
68.125,0
67.66666666666667,0
66.55555555555556,0
66.125,0
65.57142857142857,0
66.375,0
59.875,0
66.0,0
65.75,0
66.625,0
66.33333333333333,0
65.375,0
68.0,0
66.71428571428571,0
65.55555555555556,0
67.0,0
65.75,0
66.0,0
67.0,0
69.0,0
66.11111111111111,0
69.5,0
66.625,0
70.0,0
67.55555555555556,0
65.0,0
67.11111111111111,0
61.0,0
67.0,0
67.125,0
66.88888888888889,0
68.375,0
67.875,0
67.77777777777777,0
67.5,0
69.625,0
67.55555555555556,0
67.875,0
49.44444444444444,0
68.75,0
67.375,0
65.11111111111111,0
69.875,0
68.11111111111111,0
63.75,0
58.44444444444444,0
65.875,0
54.77777777777778,0
54.5,0
69.66666666666667,0
69.55555555555556,0
66.75,0
66.375,0
66.55555555555556,0
65.75,0
62.666666666666664,0
67.375,0
64.125,0
68.25,0
63.25,0
69.11111111111111,0
66.75,0
62.125,0
67.71428571428571,0
66.25,0
66.5,0
66.33333333333333,0
62.25,0
60.833333333333336,0
55.0,0
67.25,0
68.11111111111111,0
65.625,0
60.666666666666664,0
62.625,0
67.66666666666667,0
60.0,0
67.625,0
69.0,0
61.75,0
60.875,0
66.0,0
69.11111111111111,0
65.75,0
69.0,0
67.22222222222223,0
58.714285714285715,0
68.55555555555556,0
63.375,0
66.75,0
64.33333333333333,0
64.66666666666667,0
67.375,0
66.55555555555556,0
63.375,0
64.125,0
64.875,0
68.0,0
66.44444444444444,0
61.625,0
67.66666666666667,0
66.875,0
64.44444444444444,0
56.25,0
66.66666666666667,0
69.5,0
69.22222222222223,0
66.25,0
67.5,0
68.375,0
62.0,0
67.11111111111111,0
65.125,0
58.5,0
68.0,0
69.33333333333333,0
65.0,0
64.625,0
67.88888888888889,0
54.875,0
67.22222222222223,0
69.125,0
69.33333333333333,0
65.625,0
67.0,0
64.57142857142857,0
68.75,0
69.77777777777777,0
69.5,0
69.5,0
69.22222222222223,0
67.5,0
68.0,0
68.5,0
69.11111111111111,0
70.0,0
68.11111111111111,0
67.125,0
68.375,0
69.0,0
69.25,0
67.875,0
66.66666666666667,0
69.5,0
66.625,0
67.375,0
67.55555555555556,0
69.625,0
68.875,0
67.66666666666667,0
68.625,0
67.75,0
65.66666666666667,0
67.77777777777777,0
66.375,0
67.625,0
69.11111111111111,0
67.875,0
66.55555555555556,0
68.25,0
66.875,0
67.88888888888889,0
69.25,0
68.77777777777777,0
67.625,0
66.77777777777777,0
67.25,0
65.375,0
66.875,0
67.55555555555556,0
68.11111111111111,0
68.625,0
66.77777777777777,0
68.0,0
66.66666666666667,0
68.125,0
68.75,0
68.0,0
66.55555555555556,0
67.5,0
67.57142857142857,0
60.666666666666664,0
65.375,0
67.75,0
69.0,0
68.625,0
67.55555555555556,0
67.625,0
66.66666666666667,0
68.42857142857143,0
51.625,0
67.66666666666667,0
70.0,0
68.25,0
67.0,0
68.88888888888889,0
69.0,0
68.125,0
68.11111111111111,0
68.5,0
68.55555555555556,0
67.375,0
68.25,0
68.25,0
68.22222222222223,0
69.375,0
68.2,0
0.0,0
69.0,0
66.66666666666667,0
66.5,0
0.0,0
0.0,0
68.75,0
69.125,0
68.28571428571429,0
0.0,0
0.0,0
0.0,0
68.0,0
68.5,0
68.88888888888889,0
70.0,0
0.0,0
0.0,0
0.0,0
0.0,0
0.0,0
0.0,0
0.0,0
0.0,0
0.0,0
0.0,0
0.0,0
0.0,0
0.0,0
0.0,0
0.0,0
0.0,0
0.0,0
0.0,0
0.0,0
0.0,0
0.0,0
0.0,0
0.0,0
0.0,0
0.0,0
0.0,0
0.0,0
0.0,0
0.0,0
0.0,0
68.33333333333333,0
68.625,0
65.66666666666667,0
69.125,0
69.875,0
68.55555555555556,0
67.625,0
66.44444444444444,0
64.375,0
68.375,0
67.375,0
66.25,0
63.44444444444444,0
65.625,0
65.66666666666667,0
69.0,0
68.25,0
68.0,0
67.33333333333333,0
67.0,0
68.625,0
67.88888888888889,0
64.625,0
69.125,0
66.77777777777777,0
66.75,0
69.375,0
67.125,0
66.125,0
69.66666666666667,0
68.75,0
67.25,0
66.625,0
64.0,0
62.625,0
65.44444444444444,0
69.625,0
68.375,0
69.22222222222223,0
68.75,0
60.75,0
69.5,0
63.5,0
68.5,0
61.888888888888886,0
69.875,0
69.44444444444444,0
60.5,0
56.22222222222222,0
66.75,0
68.0,0
68.0,0
57.666666666666664,0
64.625,0
58.55555555555556,0
37.25,0
49.75,0
56.0,0
58.2,0
64.375,0
44.77777777777778,0
33.875,0
39.25,0
67.0,0
55.44444444444444,0
43.375,0
61.0,0
63.75,0
66.875,0
46.44444444444444,0
20.375,0
35.0,0
31.75,0
33.25,0
22.875,0
29.555555555555557,0
29.125,0
39.666666666666664,0
40.75,0
30.625,0
36.55555555555556,0
40.57142857142857,0
31.875,0
51.111111111111114,0
50.111111111111114,0
60.25,0
64.88888888888889,0
62.5,0
62.666666666666664,0
41.55555555555556,0
34.25,0
9.75,0
15.666666666666666,0
25.625,0
20.375,0
25.75,0
37.0,0
18.333333333333332,0
22.375,0
17.5,0
23.5,0
53.375,0
61.0,0
41.142857142857146,0
46.75,0
56.875,0
15.25,0
20.25,0
28.625,0
23.666666666666668,0
28.75,0
67.375,0
62.333333333333336,0
64.57142857142857,0
60.77777777777778,0
67.33333333333333,0
36.625,0
65.875,0
64.25,0
62.25,0
65.0,0
65.125,0
66.88888888888889,0
65.375,0
64.5,0
65.55555555555556,0
66.66666666666667,0
69.25,0
67.33333333333333,0
66.0,0
66.33333333333333,0
67.5,0
67.77777777777777,0
68.33333333333333,0
66.375,0
69.0,0
69.0,0
67.875,0
67.22222222222223,0
65.875,0
68.33333333333333,0
67.0,0
67.25,0
67.44444444444444,0
68.0,0
65.25,0
66.77777777777777,0
64.75,0
64.125,0
62.77777777777778,0
65.625,0
63.125,0
65.44444444444444,0
56.625,0
61.0,0
65.88888888888889,0
63.375,0
67.0,0
65.77777777777777,0
64.375,0
68.33333333333333,0
57.25,0
65.88888888888889,0
65.75,0
66.88888888888889,0
67.5,0
62.75,0
63.625,0
64.125,0
58.375,0
63.111111111111114,0
61.625,0
66.5,0
65.44444444444444,0
65.375,0
67.75,0
66.375,0
67.28571428571429,0
66.125,0
66.125,0
66.66666666666667,0
68.875,0
66.33333333333333,0
67.375,0
65.875,0
65.33333333333333,0
65.625,0
67.125,0
64.375,0
67.11111111111111,0
63.125,0
63.77777777777778,0
61.75,0
61.333333333333336,0
63.0,0
66.75,0
65.22222222222223,0
63.57142857142857,0
62.55555555555556,0
66.22222222222223,0
64.875,0
61.55555555555556,0
66.14285714285714,0
65.0,0
60.5,0
58.875,0
65.5,0
66.55555555555556,0
64.375,0
65.125,0
62.875,0
65.44444444444444,0
64.0,0
66.0,0
65.625,0
65.55555555555556,0
63.125,0
65.25,0
65.22222222222223,0
65.33333333333333,0
65.875,0
66.33333333333333,0
65.125,0
64.375,0
64.22222222222223,0
61.44444444444444,0
59.142857142857146,0
64.0,0
64.875,0
64.33333333333333,0
66.25,0
66.0,0
65.85714285714286,0
56.5,0
65.88888888888889,0
61.75,0
53.333333333333336,0
65.125,0
59.625,0
66.0,0
66.75,0
64.44444444444444,0
65.25,0
60.5,0
30.375,0
28.88888888888889,0
28.625,0
32.111111111111114,0
28.375,0
30.5,0
25.88888888888889,0
36.25,0
34.333333333333336,0
31.77777777777778,0
33.5,0
32.333333333333336,0
38.25,0
32.5,0
30.625,0
45.5,0
63.888888888888886,0
34.0,0
26.875,0
29.625,0
29.5,0
29.333333333333332,0
24.125,0
28.88888888888889,0
22.125,0
24.25,0
28.0,0
27.5,0
29.625,0
26.22222222222222,0
27.375,0
25.75,0
28.444444444444443,0
25.666666666666668,0
27.666666666666668,0
33.285714285714285,0
31.333333333333332,0
31.0,0
32.55555555555556,0
54.875,0
67.375,0
68.0,0
65.66666666666667,0
68.0,0
66.55555555555556,0
69.5,0
68.25,0
65.375,0
67.875,0
64.33333333333333,0
67.25,0
67.0,0
68.75,0
67.44444444444444,0
66.33333333333333,0
66.14285714285714,0
67.77777777777777,0
68.0,0
64.625,0
67.0,0
67.88888888888889,0
65.77777777777777,0
66.75,0
67.66666666666667,0
68.125,0
63.333333333333336,0
66.75,0
66.25,0
68.44444444444444,0
69.33333333333333,0
66.875,0
67.22222222222223,0
67.875,0
69.22222222222223,0
67.375,0
67.375,0
67.25,0
68.0,0
68.625,0
68.77777777777777,0
67.25,0
67.88888888888889,0
67.25,0
67.0,0
66.0,0
64.0,0
67.44444444444444,0
66.25,0
64.5,0
65.44444444444444,0
68.625,0
65.55555555555556,0
68.57142857142857,0
67.5,0
57.0,0
61.625,0
61.666666666666664,0
67.0,0
68.11111111111111,0
64.875,0
66.22222222222223,0
61.857142857142854,0
61.5,0
67.22222222222223,0
67.5,0
63.22222222222222,0
65.88888888888889,0
67.625,0
65.75,0
64.5,0
67.22222222222223,0
66.66666666666667,0
60.375,0
60.0,0
66.25,0
64.22222222222223,0
68.875,0
67.55555555555556,0
65.625,0
64.25,0
57.44444444444444,0
65.875,0
55.625,0
51.55555555555556,0
63.875,0
57.333333333333336,0
57.25,0
49.125,0
64.75,0
59.111111111111114,0
60.25,0
62.55555555555556,0
63.75,0
64.125,0
63.22222222222222,0
55.625,0
63.0,0
58.77777777777778,0
58.875,0
56.0,0
62.333333333333336,0
59.875,0
56.5,0
57.22222222222222,0
58.0,0
62.0,0
69.5,0
55.857142857142854,0
65.875,0
60.375,0
65.55555555555556,0
69.22222222222223,0
60.666666666666664,0
59.25,0
53.22222222222222,0
59.375,0
60.75,0
61.375,0
64.66666666666667,0
64.25,0
56.75,0
69.33333333333333,0
62.125,0
61.375,0
62.125,0
64.11111111111111,0
64.0,0
63.0,0
58.0,0
63.5,0
63.333333333333336,0
68.0,0
64.375,0
68.44444444444444,0
65.5,0
65.11111111111111,0
64.25,0
66.77777777777777,0
66.5,0
66.66666666666667,0
66.75,0
66.0,0
67.33333333333333,0
67.125,0
67.77777777777777,0
67.875,0
66.77777777777777,0
65.875,0
64.71428571428571,0
65.22222222222223,0
65.0,0
65.0,0
41.25,0
38.0,0
53.75,0
52.666666666666664,0
60.333333333333336,0
62.25,0
59.625,0
60.5,0
38.111111111111114,0
39.25,0
55.0,0
59.25,0
64.125,0
65.625,0
60.666666666666664,0
62.0,0
65.5,0
57.666666666666664,0
65.55555555555556,0
67.0,0
63.55555555555556,0
64.75,0
63.714285714285715,0
62.111111111111114,0
65.0,0
64.25,0
64.375,0
65.66666666666667,0
57.625,0
65.5,0
65.375,0
63.0,0
65.88888888888889,0
64.0,0
65.875,0
64.125,0
61.0,0
67.0,0
63.625,0
66.0,0
65.125,0
67.125,0
62.5,0
64.55555555555556,0
66.375,0
65.0,0
64.77777777777777,0
62.875,0
63.75,0
63.888888888888886,0
64.75,0
62.75,0
66.11111111111111,0
64.0,0
67.25,0
64.44444444444444,0
66.375,0
64.77777777777777,0
65.625,0
65.44444444444444,0
64.44444444444444,0
65.5,0
66.875,0
64.66666666666667,0
64.125,0
64.5,0
65.375,0
65.22222222222223,0
63.57142857142857,0
66.88888888888889,0
65.5,0
66.875,0
67.0,0
65.33333333333333,0
63.75,0
63.875,0
63.888888888888886,0
62.77777777777778,0
62.714285714285715,0
60.5,0
55.77777777777778,0
64.77777777777777,0
58.22222222222222,0
61.25,0
61.333333333333336,0
64.5,0
58.125,0
60.22222222222222,0
62.375,0
63.888888888888886,0
62.125,0
61.77777777777778,0
64.625,0
59.888888888888886,0
64.77777777777777,0
62.75,0
45.875,0
27.0,0
33.375,0
33.44444444444444,0
48.5,0
57.333333333333336,0
63.0,0
51.625,0
56.25,0
62.875,0
61.25,0
63.0,0
63.44444444444444,0
63.44444444444444,0
53.375,0
62.375,0
55.888888888888886,0
45.875,0
22.5,0
26.88888888888889,0
19.5,0
26.25,0
27.375,0
24.375,0
24.666666666666668,0
24.875,0
25.875,0
28.375,0
25.5,0
23.666666666666668,0
27.375,0
21.625,0
22.125,0
20.666666666666668,0
25.75,0
24.0,0
27.625,0
25.666666666666668,0
28.625,0
28.125,0
32.0,0
29.625,0
35.875,0
50.888888888888886,0
60.125,0
68.33333333333333,0
65.75,0
65.625,0
65.875,0
66.88888888888889,0
66.875,0
65.25,0
66.0,0
67.0,0
64.25,0
67.11111111111111,0
66.0,0
64.5,0
66.125,0
65.66666666666667,0
68.125,0
57.55555555555556,0
68.25,0
67.66666666666667,0
59.375,0
67.25,0
66.25,0
57.625,0
66.125,0
66.0,0
67.88888888888889,0
67.875,0
68.625,0
66.55555555555556,0
66.5,0
68.33333333333333,0
65.625,0
66.22222222222223,0
66.125,0
66.25,0
67.33333333333333,0
68.0,0
66.375,0
66.5,0
67.55555555555556,0
64.875,0
68.77777777777777,0
65.25,0
65.44444444444444,0
67.5,0
67.11111111111111,0
66.0,0
65.125,0
65.875,0
64.57142857142857,0
69.0,0
64.44444444444444,0
64.25,0
66.66666666666667,0
67.625,0
67.125,0
66.77777777777777,0
69.0,0
65.875,0
65.0,0
64.66666666666667,0
67.125,0
63.77777777777778,0
67.375,0
67.375,0
68.25,0
65.88888888888889,0
67.125,0
63.111111111111114,0
64.375,0
67.375,0
63.333333333333336,0
66.0,0
66.22222222222223,0
58.875,0
65.375,0
54.75,0
54.111111111111114,0
64.5,0
69.44444444444444,0
60.888888888888886,0
62.25,0
65.5,0
62.25,0
66.375,0
61.0,0
59.625,0
62.125,0
60.111111111111114,0
69.5,0
55.44444444444444,0
49.125,0
63.0,0
65.0,0
59.0,0
57.5,0
61.333333333333336,0
64.33333333333333,0
67.625,0
62.25,0
53.22222222222222,0
61.5,0
61.166666666666664,0
60.55555555555556,0
66.33333333333333,0
65.875,0
59.666666666666664,0
58.25,0
57.375,0
64.77777777777777,0
63.125,0
57.75,0
59.888888888888886,0
66.25,0
59.75,0
65.44444444444444,0
63.22222222222222,0
63.125,0
67.0,0
59.625,0
66.0,0
59.5,0
64.5,0
59.875,0
61.125,0
62.44444444444444,0
65.125,0
63.111111111111114,0
62.375,0
65.22222222222223,0
64.875,0
67.14285714285714,0
64.66666666666667,0
64.55555555555556,0
65.75,0
64.25,0
62.333333333333336,0
63.25,0
66.625,0
65.875,0
63.44444444444444,0
63.25,0
64.33333333333333,0
66.125,0
61.888888888888886,0
60.142857142857146,0
63.44444444444444,0
60.375,0
56.75,0
59.166666666666664,0
58.55555555555556,0
63.42857142857143,0
61.22222222222222,0
56.57142857142857,0
52.375,0
39.625,0
38.875,0
54.714285714285715,0
53.111111111111114,0
32.666666666666664,0
25.5,0
28.625,0
33.25,0
26.875,0
40.625,0
62.5,0
66.88888888888889,0
62.5,0
61.875,0
65.33333333333333,0
62.0,0
62.666666666666664,0
66.625,0
65.0,0
65.5,0
67.625,0
66.0,0
63.55555555555556,0
66.0,0
63.75,0
61.875,0
62.111111111111114,0
66.0,0
66.0,0
49.375,0
64.0,0
64.77777777777777,0
66.77777777777777,0
65.0,0
64.0,0
64.625,0
62.111111111111114,0
58.22222222222222,0
66.33333333333333,0
64.33333333333333,0
63.44444444444444,0
65.77777777777777,0
65.55555555555556,0
66.44444444444444,0
66.22222222222223,0
64.88888888888889,0
62.75,0
63.666666666666664,0
66.11111111111111,0
64.75,0
64.0,0
63.666666666666664,0
64.11111111111111,0
64.0,0
65.44444444444444,0
64.125,0
63.888888888888886,0
63.25,0
64.44444444444444,0
65.125,0
66.55555555555556,0
63.625,0
63.111111111111114,0
66.875,0
0.0,0
70.0,0
67.5,0
66.16666666666667,0
65.0,0
62.666666666666664,0
63.875,0
65.75,0
63.125,0
65.11111111111111,0
62.714285714285715,0
0.0,0
0.0,0
57.0,0
64.11111111111111,0
65.125,0
56.666666666666664,0
64.11111111111111,0
61.25,0
58.55555555555556,0
64.44444444444444,0
62.22222222222222,0
63.375,0
59.111111111111114,0
54.22222222222222,0
63.44444444444444,0
63.55555555555556,0
65.33333333333333,0
63.0,0
61.888888888888886,0
64.77777777777777,0
57.22222222222222,0
17.22222222222222,0
11.666666666666666,0
19.375,0
29.77777777777778,0
29.555555555555557,0
30.444444444444443,0
31.0,0
35.888888888888886,0
29.11111111111111,0
31.555555555555557,0
29.77777777777778,0
28.666666666666668,0
22.625,0
29.666666666666668,0
24.88888888888889,0
21.0,0
21.625,0
26.444444444444443,0
29.88888888888889,0
30.88888888888889,0
32.44444444444444,0
27.88888888888889,0
27.25,0
21.444444444444443,0
27.5,0
24.666666666666668,0
28.555555555555557,0
29.125,0
28.88888888888889,0
30.666666666666668,0
32.666666666666664,0
37.875,0
67.55555555555556,0
67.0,0
66.11111111111111,0
67.875,0
67.0,0
68.22222222222223,0
69.0,0
68.33333333333333,0
67.125,0
68.33333333333333,0
65.625,0
66.55555555555556,0
68.0,0
65.875,0
68.88888888888889,0
67.44444444444444,0
59.77777777777778,0
68.33333333333333,0
67.44444444444444,0
66.44444444444444,0
67.88888888888889,0
68.22222222222223,0
67.33333333333333,0
67.5,0
62.111111111111114,0
65.88888888888889,0
67.75,0
66.33333333333333,0
68.77777777777777,0
68.44444444444444,0
66.77777777777777,0
66.88888888888889,0
65.55555555555556,0
69.875,0
67.22222222222223,0
64.0,0
67.22222222222223,0
66.55555555555556,0
66.11111111111111,0
67.625,0
68.33333333333333,0
68.5,0
66.88888888888889,0
59.77777777777778,0
68.22222222222223,0
65.55555555555556,0
66.25,0
67.44444444444444,0
64.7,0
67.5,0
66.77777777777777,0
66.44444444444444,0
61.0,0
66.55555555555556,0
65.66666666666667,0
66.33333333333333,0
66.375,0
66.125,0
68.11111111111111,0
63.875,0
68.66666666666667,0
68.11111111111111,0
67.0,0
68.0,0
63.22222222222222,0
67.375,0
61.55555555555556,0
61.77777777777778,0
69.55555555555556,0
66.0,0
68.33333333333333,0
66.22222222222223,0
62.55555555555556,0
64.22222222222223,0
69.55555555555556,0
64.44444444444444,0
62.77777777777778,0
65.33333333333333,0
63.22222222222222,0
66.88888888888889,0
62.888888888888886,0
61.55555555555556,0
65.66666666666667,0
66.55555555555556,0
56.44444444444444,0
65.66666666666667,0
66.375,0
63.333333333333336,0
60.1,0
64.22222222222223,0
66.875,0
59.44444444444444,0
60.22222222222222,0
63.0,0
58.0,0
63.55555555555556,0
64.55555555555556,0
57.833333333333336,0
54.0,0
68.0,0
54.77777777777778,0
63.77777777777778,0
58.77777777777778,0
56.125,0
64.44444444444444,0
69.0,0
65.66666666666667,0
64.28571428571429,0
59.625,0
62.875,0
63.5,0
65.22222222222223,0
57.875,0
62.333333333333336,0
60.125,0
61.5,0
59.666666666666664,0
65.57142857142857,0
63.0,0
62.625,0
62.875,0
56.875,0
63.666666666666664,0
61.333333333333336,0
61.25,0
67.5,0
64.85714285714286,0
68.42857142857143,0
65.66666666666667,0
67.25,0
63.142857142857146,0
64.25,0
68.22222222222223,0
63.125,0
66.5,0
66.77777777777777,0
62.22222222222222,0
68.0,0
68.55555555555556,0
67.11111111111111,0
67.375,0
68.55555555555556,0
66.5,0
68.33333333333333,0
67.22222222222223,0
68.0,0
68.0,0
69.0,0
65.77777777777777,0
67.25,0
66.625,0
63.25,0
60.75,0
56.0,0
64.75,0
65.11111111111111,0
63.55555555555556,0
58.75,0
63.0,0
42.25,0
54.44444444444444,0
57.666666666666664,0
46.875,0
50.875,0
61.714285714285715,0
63.75,0
62.125,0
59.55555555555556,0
63.625,0
65.625,0
67.125,0
63.0,0
64.11111111111111,0
56.375,0
66.0,0
65.28571428571429,0
62.77777777777778,0
63.125,0
64.625,0
66.75,0
64.44444444444444,0
66.0,0
66.11111111111111,0
66.875,0
65.22222222222223,0
65.25,0
64.44444444444444,0
66.875,0
64.25,0
64.22222222222223,0
65.125,0
64.5,0
66.77777777777777,0
64.375,0
67.66666666666667,0
66.0,0
65.125,0
65.875,0
65.75,0
64.66666666666667,0
65.875,0
64.0,0
66.22222222222223,0
66.125,0
66.77777777777777,0
65.5,0
64.125,0
65.875,0
64.625,0
65.875,0
64.5,0
64.75,0
66.5,0
63.888888888888886,0
66.875,0
63.5,0
65.22222222222223,0
64.25,0
65.22222222222223,0
65.5,0
66.0,0
61.285714285714285,0
64.66666666666667,0
64.625,0
63.75,0
67.55555555555556,0
68.5,0
66.11111111111111,0
67.0,0
66.5,0
67.44444444444444,0
66.0,0
65.5,0
64.75,0
64.25,0
63.0,0
60.333333333333336,0
46.22222222222222,0
50.875,0
64.0,0
63.25,0
54.75,0
64.55555555555556,0
64.33333333333333,0
64.33333333333333,0
65.875,0
63.625,0
64.16666666666667,0
39.25,0
28.444444444444443,0
32.77777777777778,0
29.875,0
38.333333333333336,0
30.875,0
35.333333333333336,0
24.77777777777778,0
31.5,0
30.375,0
27.11111111111111,0
18.875,0
19.0,0
19.333333333333332,0
27.75,0
26.125,0
29.75,0
31.444444444444443,0
27.0,0
26.77777777777778,0
27.375,0
26.5,0
24.0,0
25.875,0
23.125,0
24.25,0
31.444444444444443,0
25.625,0
26.11111111111111,0
30.0,0
33.25,0
27.5,0
28.875,0
27.5,0
30.0,0
30.25,0
27.5,0
29.22222222222222,0
29.125,0
35.875,0
34.0,0
42.57142857142857,0
60.77777777777778,0
67.55555555555556,0
66.75,0
67.11111111111111,0
67.375,0
67.375,0
66.55555555555556,0
68.375,0
66.55555555555556,0
64.25,0
64.625,0
66.25,0
58.75,0
66.0,0
66.22222222222223,0
67.375,0
65.625,0
68.11111111111111,0
66.55555555555556,0
67.66666666666667,0
67.625,0
67.55555555555556,0
67.75,0
67.875,0
67.88888888888889,0
67.25,0
66.44444444444444,0
67.625,0
67.11111111111111,0
64.5,0
66.25,0
66.875,0
67.77777777777777,0
68.875,0
67.125,0
67.55555555555556,0
67.125,0
65.5,0
66.375,0
67.625,0
67.5,0
65.125,0
67.11111111111111,0
68.75,0
67.375,0
65.88888888888889,0
65.625,0
62.22222222222222,0
66.375,0
67.88888888888889,0
68.0,0
62.44444444444444,0
64.125,0
63.888888888888886,0
67.0,0
61.714285714285715,0
65.5,0
68.55555555555556,0
67.5,0
65.77777777777777,0
65.14285714285714,0
0.0,0
57.5,0
66.0,0
63.625,0
65.22222222222223,0
64.75,0
66.11111111111111,0
64.875,0
66.44444444444444,0
64.5,0
63.625,0
63.5,0
65.22222222222223,0
66.125,0
68.55555555555556,0
69.375,0
69.0,0
61.0,0
58.75,0
61.111111111111114,0
63.25,0
66.44444444444444,0
67.25,0
63.77777777777778,0
61.625,0
67.375,0
64.88888888888889,0
66.375,0
69.125,0
66.75,0
68.55555555555556,0
66.625,0
61.625,0
61.666666666666664,0
66.25,0
65.625,0
69.77777777777777,0
62.875,0
59.888888888888886,0
61.75,0
68.44444444444444,0
60.22222222222222,0
68.75,0
67.25,0
58.285714285714285,0
65.125,0
65.66666666666667,0
67.66666666666667,0
63.25,0
58.333333333333336,0
58.875,0
58.0,0
61.375,0
67.5,0
65.75,0
63.375,0
63.22222222222222,0
62.625,0
65.0,0
63.666666666666664,0
62.625,0
63.44444444444444,0
63.333333333333336,0
61.625,0
66.44444444444444,0
64.625,0
67.875,0
68.33333333333333,0
69.0,0
65.88888888888889,0
66.375,0
63.125,0
65.77777777777777,0
67.0,0
64.875,0
66.55555555555556,0
68.66666666666667,0
67.11111111111111,0
65.125,0
66.66666666666667,0
65.875,0
66.5,0
68.25,0
66.11111111111111,0
63.875,0
67.375,0
63.44444444444444,0
59.875,0
63.0,0
38.42857142857143,0
33.888888888888886,0
46.0,0
63.75,0
65.0,0
63.55555555555556,0
62.22222222222222,0
59.125,0
62.857142857142854,0
64.5,0
62.5,0
59.25,0
50.55555555555556,0
46.25,0
62.333333333333336,0
64.875,0
63.125,0
65.11111111111111,0
63.0,0
66.125,0
66.5,0
64.88888888888889,0
65.625,0
62.77777777777778,0
66.42857142857143,0
66.125,0
63.875,0
64.44444444444444,0
63.666666666666664,0
65.75,0
66.75,0
65.44444444444444,0
64.88888888888889,0
66.75,0
67.11111111111111,0
64.125,0
64.22222222222223,0
63.75,0
66.33333333333333,0
63.25,0
67.125,0
64.33333333333333,0
63.625,0
61.111111111111114,0
64.625,0
61.625,0
65.0,0
63.75,0
64.375,0
64.0,0
64.375,0
66.22222222222223,0
63.0,0
64.75,0
64.5,0
64.375,0
66.0,0
64.75,0
64.88888888888889,0
65.44444444444444,0
64.71428571428571,0
62.75,0
63.888888888888886,0
65.375,0
65.625,0
66.22222222222223,0
62.25,0
64.125,0
63.625,0
67.33333333333333,0
65.88888888888889,0
67.0,0
64.125,0
64.25,0
65.125,0
64.44444444444444,0
65.44444444444444,0
63.25,0
63.5,0
64.25,0
62.875,0
64.375,0
64.125,0
62.375,0
37.888888888888886,0
30.625,0
34.77777777777778,0
34.625,0
34.125,0
28.25,0
32.75,0
33.875,0
33.22222222222222,0
33.25,0
28.75,0
30.0,0
34.666666666666664,0
30.375,0
29.875,0
27.77777777777778,0
29.88888888888889,0
23.625,0
25.77777777777778,0
34.0,0
34.55555555555556,0
37.25,0
27.11111111111111,0
29.0,0
32.55555555555556,0
32.55555555555556,0
28.5,0
33.25,0
28.333333333333332,0
27.875,0
27.25,0
28.25,0
25.25,0
27.75,0
27.333333333333332,0
24.77777777777778,0
27.125,0
25.625,0
28.75,0
26.25,0
28.77777777777778,0
33.0,0
30.375,0
28.11111111111111,0
24.125,0
28.0,0
28.25,0
28.25,0
29.0,0
28.25,0
29.375,0
36.375,0
36.25,0
46.875,0
65.0,0
66.375,0
66.5,0
67.5,0
67.11111111111111,0
65.88888888888889,0
68.0,0
66.875,0
68.125,0
66.44444444444444,0
67.0,0
67.25,0
66.625,0
61.875,0
66.44444444444444,0
66.5,0
66.625,0
66.44444444444444,0
67.5,0
66.625,0
67.0,0
66.66666666666667,0
65.22222222222223,0
64.125,0
67.33333333333333,0
65.875,0
64.875,0
67.55555555555556,0
60.625,0
64.125,0
69.0,0
66.375,0
66.0,0
67.75,0
67.125,0
67.5,0
62.57142857142857,0
67.5,0
59.0,0
64.77777777777777,0
65.55555555555556,0
67.25,0
67.11111111111111,0
65.875,0
68.125,0
67.44444444444444,0
65.66666666666667,0
67.75,0
64.77777777777777,0
65.5,0
67.55555555555556,0
66.125,0
68.0,0
66.375,0
67.88888888888889,0
69.25,0
65.77777777777777,0
64.625,0
65.75,0
68.22222222222223,0
67.625,0
69.25,0
0.0,0
63.2,0
67.0,0
67.88888888888889,0
64.0,0
63.875,0
67.75,0
67.66666666666667,0
68.125,0
67.33333333333333,0
67.5,0
68.375,0
63.888888888888886,0
67.66666666666667,0
62.75,0
68.0,0
65.77777777777777,0
65.625,0
69.11111111111111,0
67.0,0
67.88888888888889,0
63.25,0
65.0,0
64.0,0
62.666666666666664,0
61.75,0
65.5,0
62.5,0
65.66666666666667,0
67.25,0
66.66666666666667,0
63.142857142857146,0
62.125,0
64.625,0
66.22222222222223,0
61.375,0
61.875,0
61.333333333333336,0
66.0,0
56.75,0
63.55555555555556,0
66.625,0
63.888888888888886,0
60.0,0
61.125,0
62.875,0
64.0,0
63.5,0
64.22222222222223,0
62.625,0
68.33333333333333,0
62.375,0
64.66666666666667,0
62.75,0
65.22222222222223,0
62.375,0
61.77777777777778,0
64.875,0
58.625,0
63.75,0
61.5,0
65.11111111111111,0
67.75,0
67.66666666666667,0
62.125,0
67.0,0
65.5,0
68.55555555555556,0
64.875,0
67.0,0
65.55555555555556,0
65.875,0
65.625,0
67.0,0
67.25,0
65.55555555555556,0
65.125,0
65.88888888888889,0
67.25,0
66.125,0
67.125,0
70.0,0
64.875,0
65.33333333333333,0
66.875,0
65.88888888888889,0
68.66666666666667,0
68.375,0
68.625,0
67.11111111111111,0
67.375,0
65.44444444444444,0
67.125,0
66.75,0
69.0,0
66.44444444444444,0
66.85714285714286,0
66.44444444444444,0
69.0,0
67.44444444444444,0
66.375,0
67.77777777777777,0
67.5,0
67.375,0
66.625,0
67.75,0
67.125,0
68.33333333333333,0
68.5,0
67.55555555555556,0
67.75,0
68.25,0
67.5,0
65.88888888888889,0
68.77777777777777,0
69.0,0
67.88888888888889,0
67.22222222222223,0
67.5,0
65.25,0
68.875,0
67.33333333333333,0
59.375,0
66.5,0
68.0,0
66.0,0
67.0,0
67.44444444444444,0
67.5,0
64.5,0
67.33333333333333,0
67.66666666666667,0
68.375,0
66.0,0
66.125,0
63.25,0
64.77777777777777,0
68.25,0
67.875,0
67.33333333333333,0
64.375,0
65.11111111111111,0
64.25,0
61.375,0
63.875,0
69.0,0
65.44444444444444,0
63.75,0
67.22222222222223,0
67.5,0
60.125,0
64.22222222222223,0
64.375,0
64.75,0
64.5,0
65.88888888888889,0
61.625,0
57.0,0
65.875,0
65.66666666666667,0
68.75,0
66.11111111111111,0
65.375,0
65.66666666666667,0
67.22222222222223,0
66.125,0
65.5,0
66.33333333333333,0
66.125,0
67.375,0
68.25,0
66.875,0
64.22222222222223,0
65.33333333333333,0
66.125,0
53.125,0
67.11111111111111,0
66.0,0
67.875,0
66.75,0
65.44444444444444,0
65.33333333333333,0
65.625,0
66.0,0
67.875,0
65.125,0
68.375,0
67.88888888888889,0
67.0,0
60.0,0
66.25,0
67.22222222222223,0
58.75,0
66.11111111111111,0
68.375,0
66.44444444444444,0
64.5,0
61.5,0
67.125,0
67.875,0
67.375,0
66.44444444444444,0
67.75,0
59.0,0
64.625,0
68.5,0
65.77777777777777,0
69.0,0
68.55555555555556,0
68.0,0
69.33333333333333,0
69.0,0
67.55555555555556,0
68.88888888888889,0
68.5,0
66.875,0
68.0,0
69.11111111111111,0
68.375,0
60.22222222222222,0
68.0,0
68.33333333333333,0
67.5,0
69.83333333333333,0
68.625,0
68.5,0
69.33333333333333,0
67.75,0
69.0,0
66.875,0
68.66666666666667,0
68.85714285714286,0
69.0,0
68.625,0
66.25,0
64.88888888888889,0
67.11111111111111,0
67.875,0
67.125,0
60.44444444444444,0
67.25,0
67.0,0
65.625,0
67.66666666666667,0
68.375,0
68.44444444444444,0
67.66666666666667,0
65.625,0
65.66666666666667,0
68.625,0
66.25,0
68.88888888888889,0
68.88888888888889,0
68.0,0
66.88888888888889,0
65.75,0
69.22222222222223,0
65.5,0
65.0,0
67.22222222222223,0
67.625,0
65.66666666666667,0
67.0,0
67.875,0
60.5,0
66.875,0
68.0,0
67.375,0
68.375,0
68.33333333333333,0
66.75,0
67.5,0
68.33333333333333,0
68.5,0
67.22222222222223,0
69.22222222222223,0
66.625,0
68.25,0
67.75,0
67.77777777777777,0
65.75,0
65.66666666666667,0
65.375,0
68.33333333333333,0
63.375,0
68.25,0
69.33333333333333,0
69.44444444444444,0
67.375,0
66.77777777777777,0
69.5,0
65.33333333333333,0
67.0,0
64.0,0
66.75,0
69.33333333333333,0
66.875,0
66.75,0
66.1,0
68.75,0
66.125,0
67.11111111111111,0
67.33333333333333,0
64.28571428571429,0
68.33333333333333,0
66.25,0
68.5,0
69.77777777777777,0
66.375,0
65.33333333333333,0
64.55555555555556,0
66.25,0
57.875,0
68.625,0
67.75,0
66.44444444444444,0
66.77777777777777,0
65.875,0
65.375,0
60.44444444444444,0
64.625,0
68.55555555555556,0
68.75,0
65.88888888888889,0
65.44444444444444,0
66.625,0
63.333333333333336,0
66.71428571428571,0
63.666666666666664,0
65.28571428571429,0
58.888888888888886,0
68.33333333333333,0
66.75,0
68.44444444444444,0
69.0,0
65.33333333333333,0
66.25,0
67.77777777777777,0
65.0,0
65.125,0
56.285714285714285,0
64.88888888888889,0
60.0,0
61.111111111111114,0
55.44444444444444,0
65.125,0
63.75,0
65.75,0
67.22222222222223,0
58.625,0
64.66666666666667,0
60.625,0
65.375,0
64.875,0
66.11111111111111,0
66.75,0
68.88888888888889,0
67.625,0
68.875,0
66.33333333333333,0
67.25,0
68.75,0
66.875,0
64.0,0
65.88888888888889,0
66.75,0
68.25,0
67.22222222222223,0
68.75,0
66.125,0
67.5,0
65.0,0
66.22222222222223,0
67.66666666666667,0
68.5,0
67.66666666666667,0
65.57142857142857,0
66.28571428571429,0
69.0,0
66.75,0
69.44444444444444,0
69.66666666666667,0
69.0,0
69.44444444444444,0
67.875,0
68.55555555555556,0
69.0,0
69.55555555555556,0
69.0,0
68.88888888888889,0
67.75,0
68.875,0
69.375,0
68.11111111111111,0
67.77777777777777,0
68.875,0
68.88888888888889,0
67.625,0
67.66666666666667,0
69.375,0
69.25,0
69.44444444444444,0
66.77777777777777,0
68.625,0
69.125,0
68.25,0
69.5,0
69.33333333333333,0
69.85714285714286,0
68.875,0
68.88888888888889,0
68.5,0
68.0,0
70.0,0
69.28571428571429,0
69.44444444444444,0
69.125,0
68.55555555555556,0
68.33333333333333,0
68.75,0
69.625,0
68.5,0
68.77777777777777,0
68.625,0
69.28571428571429,0
69.22222222222223,0
69.5,0
66.875,0
68.0,0
66.5,0
67.77777777777777,0
67.11111111111111,0
68.75,0
67.5,0
66.375,0
68.25,0
68.0,0
67.88888888888889,0
68.33333333333333,0
68.88888888888889,0
68.625,0
66.875,0
67.375,0
68.5,0
67.33333333333333,0
68.625,0
67.55555555555556,0
67.55555555555556,0
67.375,0
68.5,0
69.22222222222223,0
66.75,0
69.11111111111111,0
67.25,0
68.25,0
68.375,0
66.75,0
67.44444444444444,0
69.125,0
65.55555555555556,0
68.875,0
68.0,0
68.55555555555556,0
67.375,0
67.5,0
69.33333333333333,0
68.25,0
69.22222222222223,0
68.875,0
69.5,0
67.875,0
67.625,0
67.77777777777777,0
68.44444444444444,0
68.125,0
68.88888888888889,0
69.0,0
68.22222222222223,0
69.125,0
67.33333333333333,0
67.44444444444444,0
68.0,0
67.875,0
69.22222222222223,0
67.875,0
68.77777777777777,0
68.125,0
67.625,0
61.0,0
65.57142857142857,0
68.55555555555556,0
69.33333333333333,0
68.875,0
69.25,0
67.33333333333333,0
67.625,0
68.5,0
68.88888888888889,0
61.77777777777778,0
68.0,0
68.0,0
69.0,0
66.125,0
69.66666666666667,0
68.0,0
69.0,0
69.33333333333333,0
66.75,0
68.875,0
69.55555555555556,0
69.625,0
69.375,0
68.375,0
68.44444444444444,0
68.875,0
69.55555555555556,0
68.375,0
67.55555555555556,0
69.25,0
68.77777777777777,0
69.625,0
67.5,0
68.77777777777777,0
66.75,0
66.88888888888889,0
67.44444444444444,0
65.875,0
67.5,0
66.55555555555556,0
64.14285714285714,0
65.55555555555556,0
69.22222222222223,0
66.5,0
67.55555555555556,0
66.375,0
69.25,0
65.88888888888889,0
67.66666666666667,0
67.875,0
66.22222222222223,0
67.5,0
67.125,0
68.25,0
68.625,0
68.125,0
66.11111111111111,0
67.625,0
68.875,0
68.875,0
68.44444444444444,0
67.5,0
68.0,0
66.375,0
66.85714285714286,0
66.11111111111111,0
67.85714285714286,0
68.875,0
67.83333333333333,0
68.66666666666667,0
68.88888888888889,0
66.0,0
69.0,0
68.0,0
68.625,0
69.44444444444444,0
66.75,0
69.0,0
68.375,0
67.75,0
65.0,0
67.75,0
66.75,0
65.88888888888889,0
68.85714285714286,0
65.0,0
69.22222222222223,0
66.875,0
69.25,0
67.44444444444444,0
66.625,0
67.33333333333333,0
65.875,0
62.1,0
65.625,0
69.0,0
65.66666666666667,0
68.375,0
67.44444444444444,0
68.125,0
68.55555555555556,0
65.25,0
64.77777777777777,0
66.0,0
67.33333333333333,0
69.375,0
67.44444444444444,0
66.875,0
65.375,0
67.33333333333333,0
67.375,0
69.44444444444444,0
62.875,0
58.375,0
67.88888888888889,0
64.5,0
59.25,0
60.0,0
61.0,0
64.28571428571429,0
60.666666666666664,0
64.0,0
66.75,0
64.33333333333333,0
60.375,0
56.875,0
68.44444444444444,0
65.375,0
61.75,0
61.0,0
65.71428571428571,0
59.714285714285715,0
66.66666666666667,0
56.375,0
65.25,0
61.333333333333336,0
62.125,0
62.625,0
68.11111111111111,0
65.0,0
64.625,0
66.44444444444444,0
65.625,0
60.75,0
63.77777777777778,0
65.11111111111111,0
64.375,0
67.44444444444444,0
62.5,0
64.75,0
64.55555555555556,0
67.375,0
66.55555555555556,0
62.75,0
68.88888888888889,0
65.0,0
67.0,0
68.11111111111111,0
67.375,0
66.33333333333333,0
65.66666666666667,0
67.25,0
67.44444444444444,0
68.375,0
68.55555555555556,0
66.625,0
67.375,0
68.55555555555556,0
66.57142857142857,0
66.22222222222223,0
66.75,0
67.88888888888889,0
68.0,0
65.25,0
57.333333333333336,0
62.77777777777778,0
62.75,0
61.125,0
60.55555555555556,0
65.125,0
65.77777777777777,0
64.375,0
37.125,0
57.25,0
62.25,0
65.25,0
55.125,0
52.875,0
39.0,0
64.0,0
64.0,0
64.375,0
62.44444444444444,0
63.5,0
66.25,0
65.55555555555556,0
65.33333333333333,0
67.375,0
66.125,0
67.375,0
67.11111111111111,0
66.0,0
65.625,0
66.77777777777777,0
66.22222222222223,0
65.75,0
65.88888888888889,0
66.5,0
64.88888888888889,0
66.375,0
65.33333333333333,0
64.33333333333333,0
62.5,0
65.44444444444444,0
65.5,0
59.333333333333336,0
67.375,0
66.75,0
64.22222222222223,0
68.0,0
65.11111111111111,0
66.625,0
64.11111111111111,0
66.42857142857143,0
64.0,0
64.5,0
63.875,0
65.33333333333333,0
64.125,0
66.33333333333333,0
66.5,0
64.125,0
65.88888888888889,0
66.0,0
63.714285714285715,0
53.25,0
60.75,0
0.0,0
0.0,0
0.0,0
0.0,0
0.0,0
0.0,0
0.0,0
0.0,0
0.0,0
0.0,0
64.5,0
60.888888888888886,0
62.0,0
64.5,0
63.0,0
64.5,0
64.0,0
64.0,0
65.22222222222223,0
62.125,0
66.75,0
62.888888888888886,0
63.285714285714285,0
62.77777777777778,0
60.666666666666664,0
63.75,0
64.55555555555556,0
65.375,0
57.875,0
61.111111111111114,0
56.5,0
65.77777777777777,0
59.125,0
52.375,0
31.125,0
34.0,0
31.333333333333332,0
28.75,0
28.88888888888889,0
33.625,0
31.666666666666668,0
25.5,0
32.44444444444444,0
32.0,0
32.625,0
29.875,0
41.333333333333336,0
59.166666666666664,0
51.111111111111114,0
14.777777777777779,0
25.25,0
27.25,0
22.22222222222222,0
23.22222222222222,0
28.0,0
27.333333333333332,0
24.0,0
22.5,0
24.11111111111111,0
25.125,0
24.25,0
26.714285714285715,0
28.88888888888889,0
26.125,0
23.88888888888889,0
26.0,0
26.25,0
27.555555555555557,0
22.625,0
24.625,0
32.333333333333336,0
28.88888888888889,0
34.0,0
42.666666666666664,0
49.111111111111114,0
64.75,0
67.375,0
67.88888888888889,0
69.25,0
67.875,0
66.44444444444444,0
68.66666666666667,0
61.44444444444444,0
66.625,0
68.5,0
67.33333333333333,0
67.25,0
66.55555555555556,0
67.375,0
66.75,0
66.0,0
65.5,0
66.125,0
67.55555555555556,0
66.55555555555556,0
55.666666666666664,0
67.57142857142857,0
65.77777777777777,0
66.875,0
65.66666666666667,0
66.625,0
66.55555555555556,0
68.0,0
65.44444444444444,0
68.77777777777777,0
64.125,0
67.75,0
66.25,0
69.25,0
68.77777777777777,0
65.625,0
67.125,0
67.0,0
63.57142857142857,0
66.33333333333333,0
64.5,0
66.33333333333333,0
67.125,0
65.25,0
63.5,0
64.55555555555556,0
66.0,0
60.375,0
66.25,0
67.44444444444444,0
69.25,0
65.625,0
63.55555555555556,0
60.5,0
63.875,0
65.57142857142857,0
64.125,0
68.22222222222223,0
66.5,0
65.44444444444444,0
65.25,0
58.0,0
67.375,0
65.55555555555556,0
66.0,0
63.0,0
61.44444444444444,0
63.875,0
64.25,0
68.375,0
61.125,0
63.22222222222222,0
67.25,0
69.75,0
57.888888888888886,0
67.0,0
67.88888888888889,0
62.375,0
63.666666666666664,0
66.55555555555556,0
64.375,0
59.111111111111114,0
66.88888888888889,0
60.875,0
63.5,0
57.875,0
64.66666666666667,0
55.875,0
55.75,0
69.375,0
60.75,0
55.125,0
66.33333333333333,0
52.125,0
61.25,0
60.75,0
59.75,0
57.55555555555556,0
62.888888888888886,0
57.875,0
61.0,0
59.0,0
52.625,0
63.375,0
67.125,0
61.0,0
67.33333333333333,0
57.25,0
65.77777777777777,0
63.875,0
60.22222222222222,0
61.125,0
61.0,0
60.25,0
62.333333333333336,0
66.88888888888889,0
63.125,0
59.0,0
60.5,0
63.375,0
62.875,0
65.85714285714286,0
60.5,0
62.22222222222222,0
61.888888888888886,0
66.44444444444444,0
63.375,0
66.88888888888889,0
66.5,0
64.0,0
61.5,0
65.88888888888889,0
67.75,0
65.66666666666667,0
65.75,0
65.66666666666667,0
66.0,0
67.0,0
68.22222222222223,0
65.5,0
66.66666666666667,0
68.25,0
66.375,0
68.33333333333333,0
64.75,0
67.55555555555556,0
66.375,0
66.88888888888889,0
66.5,0
62.77777777777778,0
64.33333333333333,0
53.625,0
34.625,0
31.25,0
32.111111111111114,0
49.44444444444444,0
65.0,0
63.44444444444444,0
53.375,0
55.55555555555556,0
61.0,0
58.5,0
60.666666666666664,0
40.0,0
46.875,0
39.0,0
63.666666666666664,0
63.875,0
60.888888888888886,0
62.5,0
62.75,0
65.22222222222223,0
62.625,0
67.125,0
64.0,0
65.33333333333333,0
67.375,0
64.11111111111111,0
66.125,0
65.875,0
65.33333333333333,0
56.25,0
65.22222222222223,0
62.888888888888886,0
65.25,0
64.125,0
64.66666666666667,0
64.25,0
64.33333333333333,0
64.875,0
66.11111111111111,0
66.33333333333333,0
63.375,0
63.888888888888886,0
62.875,0
64.66666666666667,0
62.375,0
64.5,0
66.33333333333333,0
64.875,0
64.875,0
63.666666666666664,0
64.66666666666667,0
62.5,0
63.666666666666664,0
65.77777777777777,0
65.0,0
63.0,0
61.44444444444444,0
62.77777777777778,0
63.5,0
63.888888888888886,0
63.75,0
65.0,0
63.75,0
60.77777777777778,0
64.75,0
66.25,0
65.77777777777777,0
65.0,0
64.25,0
66.44444444444444,0
63.875,0
64.5,0
66.44444444444444,0
62.5,0
65.125,0
64.33333333333333,0
64.625,0
65.66666666666667,0
64.0,0
61.111111111111114,0
64.5,0
64.875,0
62.888888888888886,0
64.0,0
65.0,0
57.111111111111114,0
53.5,0
64.66666666666667,0
63.875,0
63.0,0
63.22222222222222,0
63.75,0
64.77777777777777,0
64.75,0
52.0,0
29.625,0
25.11111111111111,0
27.375,0
33.25,0
32.125,0
31.666666666666668,0
29.25,0
28.5,0
32.22222222222222,0
30.22222222222222,0
33.0,0
26.0,0
26.11111111111111,0
27.0,0
27.0,0
28.555555555555557,0
28.125,0
25.125,0
19.333333333333332,0
21.625,0
25.77777777777778,0
25.5,0
23.875,0
24.22222222222222,0
24.25,0
22.375,0
25.25,0
25.444444444444443,0
25.5,0
29.77777777777778,0
29.5,0
24.5,0
26.77777777777778,0
27.25,0
27.625,0
30.5,0
27.625,0
32.666666666666664,0
35.0,0
34.5,0
30.444444444444443,0
58.57142857142857,0
66.5,0
68.5,0
68.11111111111111,0
66.375,0
66.77777777777777,0
65.5,0
67.0,0
67.875,0
62.75,0
66.44444444444444,0
65.0,0
67.44444444444444,0
67.5,0
66.125,0
67.0,0
66.375,0
68.5,0
67.77777777777777,0
66.5,0
67.125,0
65.66666666666667,0
66.625,0
65.625,0
66.33333333333333,0
65.0,0
67.5,0
64.625,0
68.77777777777777,0
65.125,0
66.55555555555556,0
66.75,0
67.55555555555556,0
67.66666666666667,0
65.5,0
65.33333333333333,0
67.88888888888889,0
64.125,0
67.77777777777777,0
68.125,0
69.375,0
65.75,0
68.77777777777777,0
66.75,0
69.25,0
67.44444444444444,0
69.14285714285714,0
68.44444444444444,0
66.25,0
67.0,0
69.0,0
65.22222222222223,0
65.57142857142857,0
67.22222222222223,0
66.85714285714286,0
63.888888888888886,0
65.375,0
65.66666666666667,0
64.25,0
67.88888888888889,0
61.125,0
64.0,0
68.25,0
63.875,0
67.77777777777777,0
62.25,0
65.625,0
65.44444444444444,0
65.25,0
65.88888888888889,0
55.5,0
68.875,0
64.33333333333333,0
64.5,0
62.77777777777778,0
64.0,0
65.125,0
69.44444444444444,0
61.0,0
64.0,0
69.22222222222223,0
55.625,0
62.111111111111114,0
60.0,0
55.888888888888886,0
66.66666666666667,0
61.625,0
58.55555555555556,0
70.0,0
61.625,0
68.33333333333333,0
65.75,0
69.11111111111111,0
64.125,0
64.22222222222223,0
62.714285714285715,0
65.55555555555556,0
67.5,0
70.0,0
68.25,0
58.111111111111114,0
59.5,0
68.875,0
53.75,0
69.25,0
69.5,0
66.71428571428571,0
61.0,0
56.25,0
65.57142857142857,0
57.55555555555556,0
60.22222222222222,0
58.44444444444444,0
61.75,0
58.111111111111114,0
61.0,0
60.875,0
67.0,0
59.77777777777778,0
65.625,0
60.625,0
62.44444444444444,0
66.75,0
66.88888888888889,0
62.0,0
64.25,0
60.333333333333336,0
66.5,0
65.44444444444444,0
64.25,0
66.125,0
65.11111111111111,0
65.88888888888889,0
66.625,0
67.625,0
66.33333333333333,0
66.875,0
67.44444444444444,0
67.625,0
64.66666666666667,0
68.125,0
66.44444444444444,0
67.42857142857143,0
66.125,0
64.75,0
66.75,0
68.0,0
65.125,0
64.875,0
62.5,0
62.333333333333336,0
59.375,0
45.44444444444444,0
36.25,0
36.125,0
42.55555555555556,0
66.5,0
64.57142857142857,0
63.111111111111114,0
61.25,0
61.375,0
64.0,0
59.875,0
56.333333333333336,0
58.0,0
59.5,0
58.666666666666664,0
60.0,0
64.875,0
65.75,0
65.22222222222223,0
62.5,0
65.25,0
63.75,0
63.375,0
65.66666666666667,0
66.0,0
62.875,0
66.0,0
65.66666666666667,0
64.875,0
66.375,0
66.25,0
55.5,0
67.125,0
67.0,0
65.77777777777777,0
63.75,0
66.22222222222223,0
65.0,0
65.22222222222223,0
64.5,0
61.333333333333336,0
65.88888888888889,0
63.0,0
62.875,0
61.888888888888886,0
63.125,0
63.333333333333336,0
58.875,0
64.88888888888889,0
65.125,0
63.888888888888886,0
64.875,0
63.333333333333336,0
63.125,0
62.55555555555556,0
62.625,0
62.25,0
61.0,0
57.0,0
67.375,0
65.75,0
64.625,0
65.0,0
64.75,0
64.44444444444444,0
64.375,0
62.22222222222222,0
65.75,0
64.66666666666667,0
63.75,0
64.11111111111111,0
63.875,0
65.375,0
60.875,0
62.875,0
65.0,0
63.375,0
63.666666666666664,0
63.25,0
63.75,0
67.0,0
63.333333333333336,0
65.875,0
64.875,0
60.25,0
64.625,0
64.88888888888889,0
64.5,0
62.666666666666664,0
63.0,0
62.44444444444444,0
66.25,0
62.888888888888886,0
66.0,0
60.44444444444444,0
62.75,0
61.5,0
49.0,0
40.625,0
63.0,0
63.75,0
58.0,0
32.0,0
26.5,0
29.5,0
27.0,0
25.555555555555557,0
30.375,0
25.555555555555557,0
33.25,0
24.5,0
23.875,0
23.666666666666668,0
24.875,0
28.625,0
25.88888888888889,0
28.375,0
22.375,0
25.77777777777778,0
24.125,0
21.875,0
26.22222222222222,0
27.125,0
27.88888888888889,0
23.75,0
21.375,0
29.75,0
27.125,0
26.11111111111111,0
29.88888888888889,0
27.0,0
18.5,0
30.555555555555557,0
33.25,0
30.125,0
35.0,0
46.77777777777778,0
52.125,0
64.0,0
68.44444444444444,0
68.88888888888889,0
68.88888888888889,0
67.25,0
64.375,0
66.88888888888889,0
68.375,0
66.88888888888889,0
66.875,0
65.77777777777777,0
65.875,0
68.33333333333333,0
67.125,0
65.375,0
67.0,0
67.66666666666667,0
67.0,0
68.11111111111111,0
64.625,0
67.25,0
65.875,0
65.55555555555556,0
65.375,0
65.11111111111111,0
66.875,0
68.5,0
65.75,0
67.0,0
68.44444444444444,0
61.375,0
69.5,0
68.33333333333333,0
66.375,0
66.25,0
66.375,0
68.33333333333333,0
63.142857142857146,0
66.75,0
59.22222222222222,0
69.0,0
66.11111111111111,0
69.125,0
66.57142857142857,0
67.55555555555556,0
68.125,0
66.77777777777777,0
66.75,0
64.88888888888889,0
66.375,0
61.625,0
65.55555555555556,0
62.5,0
67.66666666666667,0
68.0,0
69.66666666666667,0
66.75,0
65.88888888888889,0
68.125,0
63.5,0
65.375,0
65.66666666666667,0
66.5,0
68.125,0
68.33333333333333,0
63.375,0
65.88888888888889,0
65.875,0
65.66666666666667,0
64.5,0
61.5,0
65.22222222222223,0
65.0,0
62.857142857142854,0
65.875,0
60.77777777777778,0
61.875,0
66.5,0
66.77777777777777,0
68.0,0
66.11111111111111,0
67.75,0
60.625,0
68.33333333333333,0
66.125,0
61.333333333333336,0
66.0,0
61.25,0
68.33333333333333,0
66.375,0
57.77777777777778,0
57.22222222222222,0
60.625,0
60.77777777777778,0
69.25,0
57.0,0
64.0,0
50.625,0
59.22222222222222,0
53.75,0
63.333333333333336,0
61.75,0
65.5,0
58.875,0
61.8,0
61.0,0
60.0,0
59.0,0
63.77777777777778,0
58.875,0
65.22222222222223,0
62.75,0
62.0,0
62.285714285714285,0
63.111111111111114,0
61.5,0
64.875,0
66.125,0
62.22222222222222,0
62.875,0
60.125,0
66.66666666666667,0
64.875,0
61.44444444444444,0
63.0,0
68.0,0
67.0,0
64.125,0
65.875,0
65.875,0
67.125,0
66.11111111111111,0
63.125,0
67.0,0
64.25,0
69.0,0
67.0,0
68.25,0
57.888888888888886,0
60.77777777777778,0
68.125,0
69.375,0
69.11111111111111,0
67.875,0
67.88888888888889,0
66.875,0
67.42857142857143,0
65.77777777777777,0
63.75,0
63.625,0
67.66666666666667,0
0.0,0
0.0,0
51.4,0
64.625,0
55.5,0
33.0,0
31.555555555555557,0
42.25,0
57.25,0
51.666666666666664,0
50.77777777777778,0
57.0,0
66.125,0
63.55555555555556,0
65.0,0
62.75,0
52.55555555555556,0
18.625,0
15.88888888888889,0
17.0,0
9.0,0
0.0,0
0.0,0
0.0,0
0.0,0
0.0,0
16.0,0
29.0,0
38.57142857142857,0
55.55555555555556,0
62.75,0
63.0,0
64.5,0
64.66666666666667,0
65.5,0
65.77777777777777,0
66.75,0
63.375,0
64.625,0
64.77777777777777,0
64.875,0
64.55555555555556,0
64.83333333333333,0
66.11111111111111,0
63.0,0
66.25,0
65.375,0
63.666666666666664,0
65.125,0
62.22222222222222,0
62.625,0
65.5,0
62.75,0
63.44444444444444,0
65.0,0
62.75,0
67.625,0
62.77777777777778,0
63.875,0
65.22222222222223,0
65.375,0
64.44444444444444,0
63.625,0
63.875,0
61.0,0
64.0,0
63.25,0
67.125,0
65.625,0
66.25,0
67.55555555555556,0
58.125,0
56.0,0
64.625,0
64.88888888888889,0
63.625,0
65.25,0
62.875,0
64.5,0
58.0,0
63.625,0
49.5,0
27.0,0
32.25,0
34.5,0
34.125,0
28.5,0
32.111111111111114,0
28.714285714285715,0
30.555555555555557,0
32.375,0
28.88888888888889,0
28.875,0
30.875,0
31.22222222222222,0
24.75,0
28.77777777777778,0
31.375,0
33.125,0
28.22222222222222,0
26.625,0
25.375,0
30.5,0
29.0,0
24.875,0
26.375,0
29.25,0
27.0,0
26.5,0
29.333333333333332,0
25.0,0
22.666666666666668,0
25.0,0
24.625,0
27.0,0
23.5,0
22.375,0
20.875,0
24.125,0
23.77777777777778,0
23.375,0
28.555555555555557,0
20.75,0
26.77777777777778,0
25.5,0
26.75,0
24.333333333333332,0
25.625,0
29.5,0
29.11111111111111,0
31.0,0
36.0,0
31.88888888888889,0
32.75,0
32.0,0
33.625,0
37.0,0
45.125,0
39.111111111111114,0
61.125,0
67.0,0
66.25,0
65.125,0
65.11111111111111,0
63.875,0
66.875,0
65.75,0
65.33333333333333,0
62.75,0
57.375,0
60.888888888888886,0
64.5,0
59.111111111111114,0
65.125,0
67.44444444444444,0
66.375,0
65.5,0
68.77777777777777,0
66.0,0
68.55555555555556,0
66.875,0
65.66666666666667,0
67.375,0
66.22222222222223,0
67.625,0
67.55555555555556,0
65.55555555555556,0
67.125,0
65.0,0
65.375,0
66.66666666666667,0
66.375,0
68.66666666666667,0
65.66666666666667,0
66.25,0
67.125,0
65.77777777777777,0
66.75,0
69.375,0
67.44444444444444,0
64.75,0
66.77777777777777,0
67.75,0
67.77777777777777,0
67.375,0
60.666666666666664,0
67.88888888888889,0
59.0,0
67.75,0
68.22222222222223,0
65.44444444444444,0
67.375,0
64.0,0
67.375,0
64.22222222222223,0
65.5,0
0.0,0
66.875,0
65.33333333333333,0
58.125,0
66.75,0
67.22222222222223,0
63.625,0
66.5,0
67.44444444444444,0
60.875,0
60.55555555555556,0
67.42857142857143,0
68.125,0
66.44444444444444,0
66.42857142857143,0
60.888888888888886,0
63.125,0
69.375,0
66.375,0
65.66666666666667,0
54.875,0
64.25,0
63.55555555555556,0
68.875,0
61.875,0
63.44444444444444,0
66.0,0
68.0,0
59.22222222222222,0
61.0,0
66.375,0
62.55555555555556,0
58.333333333333336,0
63.0,0
62.375,0
54.375,0
55.44444444444444,0
65.44444444444444,0
58.125,0
59.625,0
62.22222222222222,0
66.5,0
64.66666666666667,0
64.875,0
68.75,0
53.2,0
53.666666666666664,0
65.44444444444444,0
53.375,0
61.5,0
51.77777777777778,0
59.375,0
63.44444444444444,0
53.125,0
65.11111111111111,0
62.875,0
60.55555555555556,0
62.125,0
65.75,0
62.0,0
61.142857142857146,0
60.333333333333336,0
67.5,0
62.285714285714285,0
65.66666666666667,0
65.25,0
67.0,0
65.25,0
68.875,0
64.11111111111111,0
66.44444444444444,0
67.75,0
68.0,0
66.75,0
66.75,0
64.66666666666667,0
68.0,0
66.77777777777777,0
68.55555555555556,0
67.0,0
67.55555555555556,0
66.22222222222223,0
67.0,0
68.125,0
69.25,0
67.75,0
57.5,0
65.0,0
62.75,0
65.66666666666667,0
52.625,0
37.75,0
47.888888888888886,0
59.875,0
63.55555555555556,0
62.875,0
62.22222222222222,0
60.666666666666664,0
63.875,0
62.0,0
62.0,0
63.111111111111114,0
63.0,0
48.875,0
48.111111111111114,0
51.375,0
66.75,0
65.25,0
61.125,0
66.625,0
62.44444444444444,0
64.125,0
64.125,0
65.66666666666667,0
64.625,0
64.25,0
67.0,0
66.88888888888889,0
65.625,0
66.5,0
65.0,0
64.22222222222223,0
65.875,0
65.0,0
64.88888888888889,0
65.875,0
64.0,0
65.75,0
64.11111111111111,0
66.625,0
64.375,0
63.0,0
64.11111111111111,0
64.88888888888889,0
61.375,0
62.375,0
63.0,0
55.285714285714285,0
63.111111111111114,0
64.0,0
64.0,0
65.375,0
65.85714285714286,0
61.75,0
65.22222222222223,0
66.55555555555556,0
64.5,0
63.75,0
64.44444444444444,0
64.5,0
64.0,0
65.75,0
62.5,0
62.0,0
62.375,0
65.0,0
64.0,0
66.22222222222223,0
64.88888888888889,0
61.875,0
59.22222222222222,0
63.0,0
59.666666666666664,0
64.25,0
62.111111111111114,0
62.75,0
63.25,0
53.77777777777778,0
38.111111111111114,0
46.625,0
45.625,0
26.11111111111111,0
33.375,0
31.625,0
26.555555555555557,0
29.125,0
27.875,0
27.555555555555557,0
29.875,0
30.88888888888889,0
31.875,0
31.875,0
33.44444444444444,0
32.888888888888886,0
37.125,0
31.0,0
28.0,0
31.77777777777778,0
31.77777777777778,0
29.125,0
27.0,0
27.0,0
28.666666666666668,0
31.0,0
29.125,0
27.0,0
27.666666666666668,0
26.5,0
28.75,0
27.666666666666668,0
24.75,0
31.25,0
28.875,0
27.25,0
28.88888888888889,0
25.875,0
26.555555555555557,0
23.125,0
27.75,0
28.25,0
24.333333333333332,0
26.5,0
26.5,0
26.625,0
28.444444444444443,0
30.375,0
31.5,0
29.75,0
33.77777777777778,0
28.75,0
27.555555555555557,0
32.25,0
26.375,0
30.625,0
30.666666666666668,0
30.375,0
32.22222222222222,0
45.25,0
49.25,0
57.5,0
64.5,0
62.77777777777778,0
65.5,0
67.66666666666667,0
67.75,0
67.375,0
67.11111111111111,0
67.25,0
64.25,0
65.44444444444444,0
66.875,0
64.77777777777777,0
64.25,0
65.66666666666667,0
63.25,0
67.25,0
66.0,0
59.875,0
58.25,0
66.77777777777777,0
68.44444444444444,0
67.0,0
65.5,0
66.77777777777777,0
62.875,0
66.77777777777777,0
66.75,0
66.33333333333333,0
67.75,0
63.875,0
60.44444444444444,0
63.5,0
64.66666666666667,0
68.25,0
66.25,0
64.88888888888889,0
66.0,0
66.875,0
64.88888888888889,0
67.625,0
69.5,0
68.77777777777777,0
66.0,0
69.0,0
66.33333333333333,0
69.625,0
65.125,0
65.625,0
69.66666666666667,0
68.0,0
67.0,0
57.75,0
66.0,0
63.125,0
67.22222222222223,0
66.375,0
63.75,0
65.77777777777777,0
63.0,0
64.375,0
65.77777777777777,0
66.0,0
67.77777777777777,0
65.375,0
67.375,0
65.625,0
63.125,0
66.85714285714286,0
63.44444444444444,0
67.5,0
67.55555555555556,0
67.55555555555556,0
67.25,0
61.44444444444444,0
66.125,0
68.11111111111111,0
68.0,0
67.875,0
65.0,0
67.75,0
67.22222222222223,0
69.125,0
60.0,0
66.44444444444444,0
62.5,0
61.0,0
64.88888888888889,0
67.0,0
60.0,0
69.25,0
63.333333333333336,0
54.888888888888886,0
59.75,0
63.666666666666664,0
67.55555555555556,0
70.0,0
53.625,0
62.42857142857143,0
62.125,0
63.75,0
60.0,0
66.55555555555556,0
67.85714285714286,0
65.28571428571429,0
59.875,0
63.875,0
45.125,0
65.22222222222223,0
68.875,0
64.22222222222223,0
59.5,0
62.125,0
69.75,0
69.0,0
62.44444444444444,0
61.25,0
63.44444444444444,0
62.57142857142857,0
61.0,0
63.22222222222222,0
68.44444444444444,0
62.25,0
62.5,0
70.0,0
62.888888888888886,0
67.77777777777777,0
66.375,0
61.875,0
62.75,0
63.125,0
66.88888888888889,0
63.75,0
65.5,0
67.125,0
65.0,0
66.25,0
67.44444444444444,0
63.75,0
65.55555555555556,0
66.0,0
65.25,0
64.88888888888889,0
66.875,0
67.55555555555556,0
68.5,0
69.75,0
68.33333333333333,0
65.625,0
56.25,0
68.375,0
65.375,0
69.33333333333333,0
69.625,0
69.5,0
64.0,0
69.33333333333333,0
67.71428571428571,0
66.44444444444444,0
63.55555555555556,0
67.375,0
61.77777777777778,0
69.75,0
69.11111111111111,0
67.5,0
66.55555555555556,0
67.75,0
66.22222222222223,0
65.875,0
66.11111111111111,0
68.11111111111111,0
68.25,0
63.75,0
66.44444444444444,0
66.375,0
66.22222222222223,0
68.625,0
68.375,0
67.375,0
68.66666666666667,0
59.625,0
65.0,0
66.0,0
67.22222222222223,0
65.625,0
66.57142857142857,0
66.375,0
64.44444444444444,0
67.11111111111111,0
66.5,0
56.5,0
66.25,0
65.44444444444444,0
67.11111111111111,0
67.75,0
64.0,0
64.25,0
63.22222222222222,0
60.875,0
51.55555555555556,0
63.25,0
63.333333333333336,0
47.25,0
35.875,0
33.0,0
32.625,0
34.44444444444444,0
33.875,0
35.111111111111114,0
29.125,0
36.111111111111114,0
54.0,0
60.25,0
66.125,0
65.55555555555556,0
64.33333333333333,0
63.888888888888886,0
64.5,0
64.5,0
62.375,0
64.11111111111111,0
66.0,0
63.888888888888886,0
64.28571428571429,0
63.25,0
54.666666666666664,0
57.625,0
65.88888888888889,0
65.25,0
66.625,0
63.75,0
65.0,0
64.22222222222223,0
66.66666666666667,0
64.5,0
65.375,0
59.55555555555556,0
57.5,0
52.22222222222222,0
33.25,0
31.666666666666668,0
29.857142857142858,0
33.333333333333336,0
29.875,0
32.44444444444444,0
30.571428571428573,0
33.25,0
31.0,0
31.625,0
35.666666666666664,0
33.888888888888886,0
35.0,0
45.125,0
39.111111111111114,0
62.125,0
64.75,0
66.0,0
61.42857142857143,0
51.125,0
45.625,0
53.375,0
56.25,0
63.875,0
65.55555555555556,0
64.66666666666667,0
63.875,0
60.77777777777778,0
61.875,0
62.75,0
63.111111111111114,0
50.875,0
63.666666666666664,0
65.85714285714286,0
67.11111111111111,0
66.875,0
68.44444444444444,0
58.25,0
67.125,0
68.0,0
66.14285714285714,0
67.55555555555556,0
67.875,0
67.625,0
67.55555555555556,0
57.5,0
68.88888888888889,0
67.375,0
67.75,0
66.125,0
68.75,0
68.0,0
64.77777777777777,0
69.5,0
68.75,0
66.5,0
67.55555555555556,0
64.0,0
66.22222222222223,0
63.375,0
63.375,0
58.22222222222222,0
63.875,0
67.66666666666667,0
68.25,0
68.25,0
66.66666666666667,0
64.75,0
66.25,0
66.375,0
66.5,0
68.11111111111111,0
65.5,0
69.22222222222223,0
58.625,0
67.11111111111111,0
67.5,0
66.22222222222223,0
69.125,0
69.0,0
65.5,0
67.11111111111111,0
65.25,0
68.55555555555556,0
66.22222222222223,0
66.0,0
63.5,0
68.25,0
69.88888888888889,0
69.125,0
68.0,0
68.33333333333333,0
68.625,0
68.55555555555556,0
68.0,0
67.0,0
69.28571428571429,0
67.625,0
68.0,0
68.71428571428571,0
69.22222222222223,0
67.77777777777777,0
66.0,0
60.888888888888886,0
69.375,0
66.11111111111111,0
67.875,0
68.75,0
68.75,0
69.625,0
66.5,0
66.0,0
67.33333333333333,0
66.625,0
69.22222222222223,0
69.66666666666667,0
63.125,0
67.625,0
68.44444444444444,0
68.625,0
68.66666666666667,0
67.0,0
69.125,0
67.44444444444444,0
67.25,0
68.75,0
67.375,0
69.0,0
69.875,0
66.42857142857143,0
64.25,0
64.22222222222223,0
69.75,0
69.77777777777777,0
69.625,0
68.66666666666667,0
68.375,0
70.0,0
69.11111111111111,0
65.88888888888889,0
68.875,0
68.55555555555556,0
69.5,0
69.0,0
66.875,0
65.5,0
60.888888888888886,0
69.5,0
69.125,0
60.625,0
53.0,0
69.625,0
66.875,0
63.666666666666664,0
68.875,0
66.11111111111111,0
60.75,0
67.875,0
68.66666666666667,0
65.0,0
67.375,0
60.375,0
63.875,0
66.875,0
66.55555555555556,0
62.625,0
57.625,0
63.0,0
62.0,0
58.44444444444444,0
69.125,0
68.625,0
63.333333333333336,0
61.42857142857143,0
64.66666666666667,0
64.0,0
62.0,0
69.75,0
66.625,0
70.0,0
69.125,0
67.77777777777777,0
67.125,0
67.88888888888889,0
67.125,0
69.25,0
69.75,0
67.55555555555556,0
63.625,0
65.11111111111111,0
69.0,0
70.0,0
67.66666666666667,0
68.42857142857143,0
67.44444444444444,0
64.875,0
64.77777777777777,0
70.0,0
67.44444444444444,0
69.75,0
67.66666666666667,0
67.85714285714286,0
69.44444444444444,0
69.625,0
68.22222222222223,0
70.0,0
68.125,0
69.88888888888889,0
68.66666666666667,0
69.875,0
69.5,0
70.0,0
67.77777777777777,0
69.88888888888889,0
68.125,0
69.5,0
68.66666666666667,0
69.375,0
69.0,0
69.33333333333333,0
69.125,0
69.375,0
67.44444444444444,0
69.0,0
68.55555555555556,0
69.625,0
67.88888888888889,0
69.375,0
69.22222222222223,0
69.0,0
68.33333333333333,0
68.375,0
67.77777777777777,0
69.75,0
68.77777777777777,0
68.75,0
67.88888888888889,0
69.71428571428571,0
68.0,0
69.375,0
69.375,0
69.375,0
69.11111111111111,0
69.0,0
69.55555555555556,0
68.42857142857143,0
69.33333333333333,0
68.88888888888889,0
68.44444444444444,0
68.875,0
67.625,0
68.875,0
68.33333333333333,0
69.0,0
67.22222222222223,0
68.0,0
63.22222222222222,0
65.875,0
66.77777777777777,0
59.875,0
68.125,0
68.0,0
63.111111111111114,0
68.85714285714286,0
68.85714285714286,0
66.5,0
67.11111111111111,0
66.25,0
66.55555555555556,0
69.5,0
69.33333333333333,0
68.125,0
67.66666666666667,0
67.625,0
67.77777777777777,0
69.0,0
68.75,0
68.11111111111111,0
63.22222222222222,0
68.375,0
64.11111111111111,0
67.0,0
63.44444444444444,0
66.125,0
65.0,0
67.125,0
67.11111111111111,0
66.0,0
69.0,0
66.33333333333333,0
68.375,0
66.77777777777777,0
66.125,0
67.5,0
48.44444444444444,0
31.125,0
38.22222222222222,0
67.875,0
66.88888888888889,0
66.875,0
66.875,0
69.33333333333333,0
69.875,0
66.55555555555556,0
68.25,0
68.44444444444444,0
69.14285714285714,0
67.22222222222223,0
68.25,0
68.66666666666667,0
68.75,0
69.25,0
67.625,0
67.375,0
69.33333333333333,0
67.5,0
69.0,0
69.875,0
68.5,0
68.0,0
68.44444444444444,0
67.25,0
69.25,0
69.625,0
66.55555555555556,0
69.66666666666667,0
68.875,0
69.875,0
69.33333333333333,0
69.125,0
66.88888888888889,0
61.125,0
69.0,0
69.66666666666667,0
61.333333333333336,0
69.25,0
68.11111111111111,0
68.28571428571429,0
68.11111111111111,0
67.875,0
69.25,0
68.625,0
68.77777777777777,0
67.875,0
68.25,0
67.75,0
66.11111111111111,0
67.625,0
67.66666666666667,0
65.11111111111111,0
66.0,0
65.66666666666667,0
67.25,0
67.0,0
66.25,0
65.22222222222223,0
67.55555555555556,0
67.875,0
65.375,0
68.25,0
67.33333333333333,0
67.22222222222223,0
68.25,0
67.875,0
66.375,0
68.44444444444444,0
59.625,0
67.625,0
67.75,0
66.88888888888889,0
68.125,0
69.0,0
66.125,0
66.88888888888889,0
66.625,0
67.125,0
68.22222222222223,0
69.625,0
69.88888888888889,0
68.875,0
69.0,0
69.5,0
67.44444444444444,0
69.75,0
69.22222222222223,0
69.0,0
69.375,0
66.375,0
66.25,0
69.625,0
68.11111111111111,0
68.22222222222223,0
69.44444444444444,0
62.0,0
66.25,0
70.0,0
70.0,0
69.5,0
66.0,0
66.0,0
66.875,0
68.875,0
63.0,0
69.71428571428571,0
66.33333333333333,0
69.0,0
63.0,0
69.0,0
64.75,0
69.125,0
69.55555555555556,0
67.75,0
65.125,0
63.57142857142857,0
64.875,0
67.85714285714286,0
67.0,0
66.375,0
64.0,0
65.75,0
60.875,0
65.75,0
64.875,0
60.25,0
58.77777777777778,0
59.125,0
67.875,0
67.0,0
63.888888888888886,0
65.75,0
63.44444444444444,0
58.5,0
66.88888888888889,0
62.625,0
64.0,0
69.55555555555556,0
67.25,0
57.25,0
69.0,0
69.25,0
67.0,0
61.333333333333336,0
64.0,0
66.125,0
60.22222222222222,0
62.57142857142857,0
61.888888888888886,0
69.125,0
63.44444444444444,0
66.375,0
62.625,0
65.0,0
69.55555555555556,0
65.375,0
67.44444444444444,0
66.14285714285714,0
65.44444444444444,0
64.375,0
65.375,0
67.22222222222223,0
66.44444444444444,0
62.25,0
65.0,0
63.666666666666664,0
65.25,0
67.75,0
67.11111111111111,0
64.75,0
66.25,0
66.11111111111111,0
65.44444444444444,0
65.625,0
67.25,0
67.22222222222223,0
65.375,0
65.0,0
65.5,0
64.88888888888889,0
67.0,0
66.0,0
64.5,0
64.22222222222223,0
65.75,0
66.875,0
65.22222222222223,0
57.0,0
59.25,0
60.75,0
58.125,0
58.875,0
35.5,0
61.77777777777778,0
61.75,0
68.0,0
0.0,0
0.0,0
0.0,0
0.0,0
0.0,0
0.0,0
0.0,0
0.0,0
66.42857142857143,0
67.875,0
63.75,0
65.375,0
64.22222222222223,0
67.5,0
65.77777777777777,0
65.5,0
63.125,0
64.75,0
67.875,0
66.14285714285714,0
65.875,0
64.11111111111111,0
60.375,0
66.5,0
64.66666666666667,0
65.125,0
66.625,0
62.625,0
63.111111111111114,0
65.875,0
63.125,0
62.875,0
66.125,0
66.0,0
66.75,0
64.125,0
64.85714285714286,0
61.77777777777778,0
62.142857142857146,0
62.55555555555556,0
62.875,0
64.0,0
64.77777777777777,0
61.625,0
65.875,0
62.888888888888886,0
65.75,0
66.44444444444444,0
63.5,0
66.88888888888889,0
61.375,0
63.0,0
66.5,0
64.125,0
65.25,0
62.333333333333336,0
64.625,0
67.375,0
64.75,0
67.125,0
64.66666666666667,0
64.11111111111111,0
61.625,0
65.0,0
65.75,0
63.44444444444444,0
62.625,0
62.375,0
65.625,0
67.0,0
67.625,0
65.125,0
64.25,0
63.5,0
62.875,0
62.75,0
54.875,0
60.5,0
62.22222222222222,0
64.77777777777777,0
62.888888888888886,0
61.75,0
53.55555555555556,0
63.875,0
59.0,0
60.0,0
57.0,0
34.125,0
30.5,0
27.88888888888889,0
38.0,0
49.375,0
29.333333333333332,0
56.888888888888886,0
60.875,0
38.375,0
27.875,0
33.22222222222222,0
31.0,0
0.0,0
0.0,0
0.0,0
0.0,0
0.0,0
0.0,0
0.0,0
0.0,0
0.0,0
0.0,0
0.0,0
0.0,0
0.0,0
0.0,0
0.0,0
0.0,0
0.0,0
0.0,0
0.0,0
0.0,0
0.0,0
0.0,0
0.0,0
0.0,0
0.0,0
0.0,0
0.0,0
0.0,0
0.0,0
0.0,0
0.0,0
0.0,0
0.0,0
0.0,0
0.0,0
0.0,0
62.333333333333336,0
67.5,0
68.44444444444444,0
69.33333333333333,0
67.5,0
64.625,0
67.25,0
66.77777777777777,0
67.625,0
68.375,0
64.44444444444444,0
66.44444444444444,0
66.875,0
66.0,0
66.25,0
67.875,0
65.0,0
69.55555555555556,0
67.14285714285714,0
66.375,0
66.875,0
67.875,0
65.75,0
64.625,0
67.11111111111111,0
65.88888888888889,0
61.5,0
66.88888888888889,0
65.25,0
67.0,0
69.25,0
68.125,0
64.55555555555556,0
65.75,0
64.28571428571429,0
67.75,0
64.44444444444444,0
67.125,0
63.44444444444444,0
65.625,0
67.0,0
67.875,0
67.66666666666667,0
69.0,0
64.88888888888889,0
63.625,0
60.5,0
62.25,0
66.0,0
63.375,0
62.375,0
67.22222222222223,0
58.125,0
66.66666666666667,0
69.625,0
59.25,0
60.25,0
64.0,0
61.0,0
58.75,0
65.0,0
67.88888888888889,0
63.125,0
65.125,0
62.55555555555556,0
63.875,0
56.44444444444444,0
64.0,0
60.25,0
63.25,0
67.11111111111111,0
68.625,0
57.125,0
53.888888888888886,0
60.0,0
66.5,0
56.77777777777778,0
68.0,0
66.33333333333333,0
62.25,0
60.875,0
65.75,0
65.77777777777777,0
60.75,0
67.625,0
55.0,0
66.88888888888889,0
56.22222222222222,0
58.125,0
61.75,0
63.0,0
53.285714285714285,0
56.111111111111114,0
65.77777777777777,0
68.5,0
54.333333333333336,0
69.75,0
47.0,0
66.25,0
66.88888888888889,0
65.8,0
55.333333333333336,0
63.111111111111114,0
65.0,0
60.625,0
67.66666666666667,0
57.55555555555556,0
56.625,0
60.625,0
61.25,0
65.55555555555556,0
63.125,0
49.625,0
63.0,0
64.11111111111111,0
61.125,0
60.888888888888886,0
64.625,0
64.33333333333333,0
64.125,0
63.666666666666664,0
61.625,0
65.375,0
67.0,0
62.25,0
56.5,0
65.75,0
69.75,0
65.77777777777777,0
64.33333333333333,0
64.75,0
63.875,0
66.44444444444444,0
67.75,0
67.88888888888889,0
64.875,0
64.125,0
65.88888888888889,0
65.5,0
65.66666666666667,0
65.125,0
64.375,0
64.25,0
51.0,0
34.333333333333336,0
33.888888888888886,0
32.25,0
33.875,0
31.5,0
37.111111111111114,0
55.875,0
39.625,0
33.25,0
26.75,0
32.333333333333336,0
38.333333333333336,0
35.0,0
47.875,0
38.125,0
56.77777777777778,0
57.75,0
60.375,0
61.22222222222222,0
55.125,0
59.875,0
59.22222222222222,0
63.5,0
61.0,0
58.888888888888886,0
62.625,0
62.5,0
66.88888888888889,0
62.75,0
61.77777777777778,0
67.875,0
62.111111111111114,0
63.5,0
68.11111111111111,0
65.25,0
66.75,0
63.875,0
63.375,0
63.875,0
62.55555555555556,0
64.875,0
61.77777777777778,0
64.875,0
61.22222222222222,0
67.5,0
64.33333333333333,0
66.0,0
63.666666666666664,0
64.55555555555556,0
64.125,0
67.0,0
63.625,0
61.875,0
61.77777777777778,0
65.375,0
64.5,0
63.0,0
0.0,0
0.0,0
0.0,0
0.0,0
0.0,0
0.0,0
0.0,0
0.0,0
0.0,0
0.0,0
0.0,0
0.0,0
0.0,0
0.0,0
0.0,0
0.0,0
0.0,0
0.0,0
0.0,0
0.0,0
0.0,0
0.0,0
0.0,0
0.0,0
0.0,0
0.0,0
0.0,0
0.0,0
0.0,0
0.0,0
0.0,0
0.0,0
0.0,0
0.0,0
0.0,0
0.0,0
0.0,0
0.0,0
0.0,0
0.0,0
0.0,0
0.0,0
0.0,0
0.0,0
0.0,0
0.0,0
0.0,0
0.0,0
0.0,0
32.333333333333336,0
28.5,0
28.625,0
25.11111111111111,0
32.0,0
25.75,0
31.5,0
27.666666666666668,0
40.375,0
41.0,0
34.125,0
23.22222222222222,0
21.875,0
21.22222222222222,0
25.0,0
20.77777777777778,0
22.125,0
20.875,0
21.0,0
23.714285714285715,0
25.11111111111111,0
22.125,0
21.375,0
25.555555555555557,0
23.625,0
18.625,0
21.75,0
28.125,0
28.625,0
30.625,0
28.11111111111111,0
27.75,0
27.0,0
29.875,0
26.375,0
31.333333333333332,0
53.5,0
67.875,0
65.66666666666667,0
66.77777777777777,0
66.375,0
68.55555555555556,0
67.375,0
68.625,0
69.11111111111111,0
68.0,0
67.625,0
66.75,0
63.0,0
66.375,0
67.0,0
67.875,0
68.0,0
67.5,0
66.55555555555556,0
68.25,0
62.888888888888886,0
65.375,0
66.22222222222223,0
59.125,0
67.75,0
64.75,0
65.77777777777777,0
69.0,0
58.25,0
67.77777777777777,0
64.75,0
63.0,0
66.0,0
64.42857142857143,0
68.75,0
65.25,0
66.875,0
63.875,0
67.0,0
66.66666666666667,0
60.0,0
68.22222222222223,0
61.75,0
60.55555555555556,0
67.625,0
63.5,0
65.0,0
68.25,0
65.0,0
63.111111111111114,0
64.875,0
67.625,0
66.125,0
66.44444444444444,0
69.28571428571429,0
65.88888888888889,0
55.0,0
0.0,0
0.0,0
0.0,0
0.0,0
0.0,0
0.0,0
0.0,0
0.0,0
0.0,0
65.0,0
66.625,0
69.5,0
62.5,0
63.111111111111114,0
68.875,0
67.875,0
67.5,0
63.875,0
53.111111111111114,0
63.0,0
63.888888888888886,0
63.625,0
67.5,0
67.77777777777777,0
65.85714285714286,0
64.42857142857143,0
64.44444444444444,0
62.5,0
63.857142857142854,0
66.33333333333333,0
54.333333333333336,0
54.125,0
50.333333333333336,0
57.75,0
55.666666666666664,0
61.625,0
53.75,0
66.66666666666667,0
60.44444444444444,0
67.0,0
60.0,0
59.55555555555556,0
50.5,0
64.22222222222223,0
64.0,0
55.42857142857143,0
58.25,0
52.125,0
52.25,0
62.666666666666664,0
69.625,0
65.33333333333333,0
62.375,0
65.375,0
63.22222222222222,0
64.25,0
66.125,0
57.55555555555556,0
69.28571428571429,0
66.625,0
68.0,0
67.75,0
67.25,0
64.11111111111111,0
64.375,0
66.33333333333333,0
63.25,0
64.88888888888889,0
66.25,0
69.11111111111111,0
62.75,0
64.25,0
67.0,0
64.5,0
64.75,0
64.55555555555556,0
68.75,0
64.88888888888889,0
64.875,0
66.625,0
67.22222222222223,0
65.77777777777777,0
67.5,0
65.55555555555556,0
65.5,0
60.77777777777778,0
64.57142857142857,0
63.77777777777778,0
49.375,0
37.375,0
37.375,0
34.888888888888886,0
35.0,0
36.625,0
34.5,0
40.44444444444444,0
58.5,0
56.55555555555556,0
60.875,0
58.0,0
58.25,0
60.111111111111114,0
58.625,0
60.888888888888886,0
59.75,0
63.75,0
66.66666666666667,0
63.22222222222222,0
64.5,0
63.75,0
64.5,0
66.25,0
65.25,0
65.22222222222223,0
64.42857142857143,0
60.888888888888886,0
63.0,0
61.666666666666664,0
61.75,0
67.125,0
61.375,0
64.77777777777777,0
63.5,0
64.25,0
64.11111111111111,0
60.625,0
59.75,0
58.125,0
57.888888888888886,0
44.25,0
57.888888888888886,0
59.75,0
59.666666666666664,0
60.375,0
62.666666666666664,0
53.375,0
60.5,0
58.875,0
60.625,0
59.0,0
62.875,0
60.375,0
59.625,0
62.666666666666664,0
61.875,0
66.375,0
63.55555555555556,0
61.125,0
65.125,0
59.333333333333336,0
59.75,0
54.77777777777778,0
61.714285714285715,0
62.77777777777778,0
64.375,0
65.375,0
58.625,0
55.25,0
60.77777777777778,0
60.142857142857146,0
63.333333333333336,0
58.875,0
64.875,0
58.888888888888886,0
60.125,0
60.22222222222222,0
63.111111111111114,0
63.25,0
64.55555555555556,0
64.75,0
62.5,0
64.0,0
63.5,0
64.5,0
66.88888888888889,0
34.75,0
44.5,0
63.55555555555556,0
61.875,0
51.0,0
26.555555555555557,0
24.75,0
30.555555555555557,0
30.625,0
27.375,0
29.25,0
33.22222222222222,0
32.625,0
28.88888888888889,0
34.0,0
38.375,0
56.375,0
30.555555555555557,0
31.25,0
25.88888888888889,0
28.25,0
23.875,0
27.444444444444443,0
30.375,0
33.75,0
31.75,0
27.75,0
16.375,0
9.333333333333334,0
9.222222222222221,0
8.875,0
21.0,0
20.5,0
22.22222222222222,0
19.666666666666668,0
25.714285714285715,0
20.666666666666668,0
21.77777777777778,0
24.125,0
24.25,0
23.666666666666668,0
25.125,0
25.5,0
26.5,0
21.875,0
24.555555555555557,0
26.25,0
27.666666666666668,0
29.0,0
24.625,0
25.625,0
31.857142857142858,0
26.666666666666668,0
52.875,0
65.77777777777777,0
66.375,0
67.55555555555556,0
70.0,0
68.75,0
67.44444444444444,0
67.77777777777777,0
69.25,0
67.55555555555556,0
68.125,0
63.75,0
67.25,0
66.5,0
68.11111111111111,0
67.66666666666667,0
67.0,0
65.125,0
66.25,0
65.375,0
68.55555555555556,0
66.25,0
68.25,0
67.375,0
66.625,0
67.77777777777777,0
69.5,0
63.125,0
68.25,0
59.333333333333336,0
67.625,0
61.125,0
69.5,0
67.125,0
63.22222222222222,0
66.375,0
64.0,0
66.0,0
65.11111111111111,0
67.75,0
67.55555555555556,0
68.875,0
68.0,0
67.77777777777777,0
64.875,0
66.5,0
65.625,0
67.375,0
63.75,0
64.11111111111111,0
62.25,0
66.55555555555556,0
64.125,0
63.111111111111114,0
63.75,0
64.11111111111111,0
63.5,0
69.66666666666667,0
65.66666666666667,0
62.125,0
65.55555555555556,0
58.375,0
63.0,0
61.75,0
65.0,0
67.44444444444444,0
62.5,0
68.375,0
66.0,0
70.0,0
63.0,0
57.25,0
63.888888888888886,0
61.0,0
62.0,0
57.875,0
66.5,0
69.25,0
59.75,0
65.11111111111111,0
63.0,0
57.875,0
67.83333333333333,0
64.44444444444444,0
67.55555555555556,0
62.333333333333336,0
66.875,0
60.375,0
63.333333333333336,0
63.375,0
63.25,0
47.888888888888886,0
56.0,0
66.88888888888889,0
59.625,0
55.0,0
55.625,0
63.625,0
65.55555555555556,0
52.44444444444444,0
63.125,0
66.5,0
51.5,0
65.22222222222223,0
66.625,0
63.5,0
37.285714285714285,0
62.666666666666664,0
64.75,0
63.625,0
51.666666666666664,0
62.625,0
62.42857142857143,0
59.44444444444444,0
63.25,0
66.66666666666667,0
58.0,0
63.44444444444444,0
62.888888888888886,0
64.25,0
60.625,0
59.888888888888886,0
64.66666666666667,0
57.75,0
67.55555555555556,0
66.375,0
66.55555555555556,0
63.875,0
68.11111111111111,0
65.28571428571429,0
63.25,0
66.44444444444444,0
66.85714285714286,0
66.55555555555556,0
68.625,0
65.5,0
68.0,0
58.875,0
66.25,0
64.55555555555556,0
67.5,0
65.375,0
66.0,0
69.33333333333333,0
63.125,0
66.5,0
65.85714285714286,0
63.44444444444444,0
62.5,0
54.0,0
57.0,0
46.625,0
34.0,0
30.5,0
43.44444444444444,0
61.857142857142854,0
57.55555555555556,0
64.66666666666667,0
59.42857142857143,0
63.75,0
61.0,0
38.5,0
0.0,0
0.0,0
0.0,0
0.0,0
70.0,0
62.75,0
63.111111111111114,0
64.28571428571429,0
65.0,0
64.44444444444444,0
59.5,0
58.55555555555556,0
62.875,0
62.0,0
65.375,0
61.0,0
62.375,0
62.625,0
58.75,0
57.22222222222222,0
64.875,0
62.888888888888886,0
61.375,0
63.0,0
62.125,0
60.75,0
61.77777777777778,0
58.55555555555556,0
55.5,0
56.625,0
60.55555555555556,0
65.375,0
61.22222222222222,0
61.0,0
59.875,0
59.0,0
61.625,0
57.375,0
59.857142857142854,0
57.125,0
60.125,0
63.0,0
62.888888888888886,0
65.75,0
56.55555555555556,0
59.375,0
59.0,0
63.0,0
61.375,0
61.333333333333336,0
60.375,0
58.875,0
60.875,0
61.888888888888886,0
63.75,0
57.25,0
53.0,0
46.5,0
42.75,0
63.375,0
53.111111111111114,0
49.75,0
59.111111111111114,0
59.625,0
64.625,0
42.44444444444444,0
27.555555555555557,0
38.625,0
58.0,0
59.875,0
65.375,0
49.22222222222222,0
44.875,0
26.5,0
26.11111111111111,0
32.0,0
31.11111111111111,0
40.0,0
60.625,0
63.0,0
58.625,0
58.75,0
38.22222222222222,0
27.375,0
25.77777777777778,0
28.25,0
25.5,0
27.77777777777778,0
25.0,0
27.22222222222222,0
30.25,0
29.625,0
28.0,0
28.5,0
35.44444444444444,0
26.75,0
23.333333333333332,0
27.625,0
22.444444444444443,0
24.5,0
28.5,0
22.0,0
20.625,0
19.88888888888889,0
26.75,0
23.444444444444443,0
18.875,0
23.0,0
22.22222222222222,0
22.0,0
22.555555555555557,0
23.571428571428573,0
28.0,0
28.0,0
21.88888888888889,0
24.22222222222222,0
21.0,0
20.833333333333332,0
18.5,0
27.125,0
28.0,0
25.88888888888889,0
26.714285714285715,0
29.88888888888889,0
30.75,0
30.666666666666668,0
27.875,0
27.555555555555557,0
34.625,0
53.888888888888886,0
65.33333333333333,0
66.375,0
65.375,0
66.22222222222223,0
67.25,0
66.88888888888889,0
66.71428571428571,0
62.0,0
67.0,0
67.0,0
67.0,0
65.33333333333333,0
66.125,0
66.625,0
68.55555555555556,0
64.875,0
67.0,0
65.125,0
63.888888888888886,0
67.33333333333333,0
58.25,0
67.0,0
69.0,0
66.75,0
66.0,0
55.75,0
66.75,0
69.75,0
68.0,0
66.0,0
58.5,0
65.55555555555556,0
66.0,0
65.88888888888889,0
67.33333333333333,0
65.125,0
55.875,0
65.77777777777777,0
67.625,0
67.75,0
67.125,0
67.11111111111111,0
65.5,0
67.44444444444444,0
61.75,0
67.125,0
64.77777777777777,0
69.5,0
64.66666666666667,0
64.5,0
69.625,0
65.0,0
66.57142857142857,0
63.666666666666664,0
69.0,0
54.714285714285715,0
64.77777777777777,0
66.625,0
68.25,0
66.125,0
64.44444444444444,0
65.44444444444444,0
61.125,0
62.5,0
61.125,0
65.77777777777777,0
65.57142857142857,0
60.888888888888886,0
57.75,0
59.44444444444444,0
69.5,0
62.0,0
60.77777777777778,0
69.625,0
60.625,0
65.625,0
65.25,0
60.888888888888886,0
65.25,0
70.0,0
62.77777777777778,0
65.33333333333333,0
65.0,0
70.0,0
62.0,0
65.22222222222223,0
64.375,0
66.375,0
66.5,0
54.333333333333336,0
55.5,0
66.75,0
66.44444444444444,0
59.22222222222222,0
66.0,0
60.375,0
63.0,0
58.5,0
57.125,0
59.5,0
53.875,0
58.833333333333336,0
59.57142857142857,0
52.875,0
69.375,0
57.55555555555556,0
53.75,0
66.0,0
54.25,0
63.666666666666664,0
65.25,0
66.25,0
62.888888888888886,0
68.125,0
66.33333333333333,0
65.33333333333333,0
60.625,0
59.111111111111114,0
61.375,0
56.666666666666664,0
62.44444444444444,0
65.5,0
66.0,0
67.625,0
58.22222222222222,0
66.75,0
63.888888888888886,0
63.375,0
66.88888888888889,0
63.75,0
65.875,0
66.25,0
66.5,0
68.77777777777777,0
64.75,0
67.5,0
65.75,0
67.125,0
66.5,0
66.88888888888889,0
63.25,0
66.5,0
67.5,0
64.5,0
64.11111111111111,0
53.625,0
36.888888888888886,0
61.625,0
58.25,0
56.44444444444444,0
58.0,0
60.125,0
62.375,0
50.125,0
58.333333333333336,0
63.333333333333336,0
49.5,0
60.5,0
62.77777777777778,0
65.55555555555556,0
63.0,0
58.44444444444444,0
65.625,0
67.25,0
66.22222222222223,0
65.25,0
64.55555555555556,0
65.125,0
61.666666666666664,0
67.625,0
64.88888888888889,0
59.375,0
57.375,0
63.666666666666664,0
60.5,0
61.375,0
60.666666666666664,0
64.0,0
62.0,0
59.333333333333336,0
62.625,0
65.88888888888889,0
61.125,0
57.375,0
59.0,0
60.0,0
63.375,0
60.22222222222222,0
54.142857142857146,0
63.5,0
60.77777777777778,0
63.875,0
61.75,0
58.111111111111114,0
60.625,0
49.22222222222222,0
58.0,0
61.44444444444444,0
60.625,0
55.22222222222222,0
60.44444444444444,0
63.125,0
58.875,0
59.55555555555556,0
56.5,0
57.22222222222222,0
58.625,0
55.666666666666664,0
58.42857142857143,0
60.375,0
62.125,0
59.55555555555556,0
56.875,0
60.42857142857143,0
57.22222222222222,0
52.625,0
57.375,0
52.875,0
41.125,0
40.111111111111114,0
27.625,0
29.0,0
35.5,0
39.55555555555556,0
35.5,0
33.22222222222222,0
37.375,0
37.875,0
40.375,0
42.22222222222222,0
30.125,0
30.0,0
29.555555555555557,0
32.333333333333336,0
27.375,0
25.875,0
25.444444444444443,0
24.0,0
28.77777777777778,0
31.875,0
29.5,0
26.571428571428573,0
28.75,0
30.77777777777778,0
27.125,0
31.555555555555557,0
45.875,0
51.0,0
56.25,0
31.375,0
23.22222222222222,0
21.11111111111111,0
30.444444444444443,0
27.666666666666668,0
0.0,0
12.857142857142858,0
14.333333333333334,0
18.875,0
24.75,0
19.0,0
20.375,0
22.22222222222222,0
22.875,0
23.77777777777778,0
24.5,0
20.375,0
23.75,0
29.0,0
25.666666666666668,0
28.0,0
27.6,0
29.5,0
25.444444444444443,0
25.5,0
27.666666666666668,0
25.125,0
24.88888888888889,0
25.125,0
25.555555555555557,0
30.0,0
26.333333333333332,0
34.55555555555556,0
27.75,0
36.375,0
55.75,0
50.77777777777778,0
50.375,0
62.333333333333336,0
67.375,0
67.25,0
67.25,0
63.0,0
67.25,0
69.125,0
67.55555555555556,0
67.66666666666667,0
65.85714285714286,0
64.11111111111111,0
63.625,0
65.55555555555556,0
63.5,0
67.66666666666667,0
65.375,0
67.11111111111111,0
68.0,0
64.44444444444444,0
67.5,0
64.0,0
67.625,0
66.0,0
68.625,0
63.77777777777778,0
67.5,0
65.11111111111111,0
66.11111111111111,0
67.875,0
66.55555555555556,0
65.625,0
65.625,0
69.125,0
66.22222222222223,0
65.375,0
62.111111111111114,0
68.125,0
67.33333333333333,0
63.77777777777778,0
67.0,0
67.55555555555556,0
66.375,0
68.375,0
65.44444444444444,0
67.11111111111111,0
64.0,0
68.25,0
69.11111111111111,0
66.25,0
66.625,0
64.88888888888889,0
68.625,0
66.22222222222223,0
67.125,0
68.375,0
67.75,0
64.66666666666667,0
70.0,0
68.42857142857143,0
64.88888888888889,0
63.75,0
64.5,0
67.44444444444444,0
64.625,0
64.33333333333333,0
69.375,0
68.0,0
66.66666666666667,0
63.375,0
66.875,0
67.55555555555556,0
69.125,0
65.0,0
65.0,0
66.875,0
63.875,0
65.22222222222223,0
68.875,0
63.111111111111114,0
66.25,0
64.11111111111111,0
57.25,0
61.875,0
69.44444444444444,0
65.25,0
68.0,0
69.25,0
62.22222222222222,0
67.0,0
61.625,0
65.88888888888889,0
60.0,0
67.55555555555556,0
63.0,0
61.75,0
51.333333333333336,0
64.0,0
66.625,0
66.55555555555556,0
65.66666666666667,0
68.375,0
65.625,0
54.5,0
64.625,0
65.0,0
53.625,0
62.0,0
66.125,0
62.5,0
61.375,0
57.25,0
57.55555555555556,0
65.66666666666667,0
65.375,0
58.0,0
65.75,0
64.77777777777777,0
63.5,0
64.25,0
59.22222222222222,0
56.5,0
65.0,0
59.25,0
65.125,0
64.77777777777777,0
65.5,0
62.44444444444444,0
69.625,0
66.11111111111111,0
67.5,0
66.875,0
64.875,0
64.11111111111111,0
66.44444444444444,0
63.875,0
69.0,0
68.33333333333333,0
65.875,0
65.33333333333333,0
65.66666666666667,0
67.5,0
70.0,0
69.0,0
67.0,0
65.88888888888889,0
67.0,0
66.875,0
65.33333333333333,0
69.125,0
66.625,0
60.333333333333336,0
67.0,0
67.22222222222223,0
69.66666666666667,0
66.0,0
66.88888888888889,0
65.44444444444444,0
67.875,0
69.0,0
66.75,0
66.625,0
67.75,0
68.55555555555556,0
68.5,0
68.625,0
68.0,0
64.625,0
66.88888888888889,0
69.25,0
67.44444444444444,0
68.875,0
65.77777777777777,0
68.14285714285714,0
69.66666666666667,0
68.5,0
67.44444444444444,0
67.75,0
67.55555555555556,0
68.625,0
67.88888888888889,0
62.125,0
66.25,0
67.375,0
67.55555555555556,0
62.25,0
66.55555555555556,0
64.75,0
67.375,0
65.33333333333333,0
65.75,0
66.66666666666667,0
63.25,0
65.55555555555556,0
62.375,0
63.111111111111114,0
66.57142857142857,0
0.0,0
0.0,0
0.0,0
0.0,0
0.0,0
0.0,0
0.0,0
0.0,0
0.0,0
0.0,0
0.0,0
0.0,0
0.0,0
0.0,0
0.0,0
0.0,0
0.0,0
0.0,0
0.0,0
0.0,0
0.0,0
0.0,0
0.0,0
0.0,0
0.0,0
0.0,0
0.0,0
0.0,0
0.0,0
0.0,0
0.0,0
0.0,0
0.0,0
0.0,0
0.0,0
0.0,0
0.0,0
0.0,0
0.0,0
0.0,0
0.0,0
0.0,0
0.0,0
0.0,0
0.0,0
0.0,0
0.0,0
0.0,0
0.0,0
0.0,0
0.0,0
0.0,0
0.0,0
0.0,0
0.0,0
0.0,0
0.0,0
0.0,0
0.0,0
0.0,0
0.0,0
0.0,0
0.0,0
0.0,0
0.0,0
0.0,0
0.0,0
0.0,0
0.0,0
0.0,0
0.0,0
0.0,0
0.0,0
0.0,0
0.0,0
0.0,0
0.0,0
0.0,0
0.0,0
0.0,0
0.0,0
0.0,0
0.0,0
0.0,0
0.0,0
0.0,0
0.0,0
0.0,0
0.0,0
0.0,0
56.0,0
63.77777777777778,0
66.0,0
65.25,0
67.44444444444444,0
63.714285714285715,0
65.125,0
68.75,0
66.77777777777777,0
65.75,0
64.625,0
63.285714285714285,0
62.875,0
65.22222222222223,0
65.55555555555556,0
66.25,0
67.14285714285714,0
64.44444444444444,0
66.625,0
67.125,0
65.25,0
67.66666666666667,0
67.5,0
67.55555555555556,0
69.125,0
68.11111111111111,0
66.75,0
66.44444444444444,0
68.625,0
56.875,0
67.11111111111111,0
66.375,0
66.375,0
66.44444444444444,0
66.66666666666667,0
68.875,0
67.375,0
66.75,0
66.55555555555556,0
68.625,0
65.85714285714286,0
67.66666666666667,0
66.125,0
68.5,0
68.625,0
66.875,0
65.75,0
67.88888888888889,0
69.75,0
67.75,0
65.375,0
60.333333333333336,0
66.5,0
68.25,0
67.88888888888889,0
66.75,0
68.375,0
69.77777777777777,0
69.14285714285714,0
67.75,0
66.44444444444444,0
65.0,0
65.11111111111111,0
68.625,0
67.33333333333333,0
66.125,0
68.75,0
69.77777777777777,0
67.75,0
68.625,0
68.0,0
67.42857142857143,0
69.88888888888889,0
69.75,0
68.33333333333333,0
69.875,0
68.5,0
65.22222222222223,0
68.0,0
66.375,0
63.111111111111114,0
64.0,0
70.0,0
69.77777777777777,0
69.25,0
63.625,0
63.77777777777778,0
68.875,0
69.375,0
68.55555555555556,0
62.77777777777778,0
68.5,0
69.25,0
68.375,0
63.111111111111114,0
63.5,0
67.22222222222223,0
66.875,0
64.55555555555556,0
60.75,0
67.375,0
69.625,0
69.375,0
69.66666666666667,0
64.4,0
69.625,0
64.125,0
68.88888888888889,0
63.25,0
69.375,0
67.375,0
64.33333333333333,0
62.125,0
59.625,0
61.5,0
65.5,0
70.0,0
70.0,0
68.42857142857143,0
69.125,0
65.44444444444444,0
67.375,0
69.0,0
63.375,0
70.0,0
67.11111111111111,0
69.5,0
64.5,0
65.66666666666667,0
66.66666666666667,0
69.375,0
68.125,0
66.625,0
66.33333333333333,0
65.85714285714286,0
66.75,0
67.0,0
66.0,0
68.75,0
68.44444444444444,0
64.75,0
64.77777777777777,0
64.5,0
69.66666666666667,0
69.875,0
65.0,0
68.77777777777777,0
68.75,0
65.77777777777777,0
67.77777777777777,0
69.625,0
70.0,0
69.375,0
70.0,0
68.66666666666667,0
67.875,0
65.44444444444444,0
69.22222222222223,0
68.55555555555556,0
68.875,0
69.25,0
69.11111111111111,0
66.75,0
66.0,0
68.55555555555556,0
68.5,0
68.55555555555556,0
69.5,0
66.88888888888889,0
67.125,0
69.75,0
68.77777777777777,0
69.0,0
68.75,0
69.11111111111111,0
66.75,0
69.75,0
69.57142857142857,0
69.75,0
68.5,0
68.55555555555556,0
69.0,0
69.55555555555556,0
67.75,0
69.66666666666667,0
69.0,0
68.66666666666667,0
69.25,0
67.75,0
69.22222222222223,0
70.0,0
68.22222222222223,0
68.88888888888889,0
68.625,0
65.44444444444444,0
70.0,0
68.625,0
68.11111111111111,0
68.44444444444444,0
69.5,0
68.5,0
61.333333333333336,0
59.77777777777778,0
68.25,0
64.625,0
68.66666666666667,0
68.75,0
67.88888888888889,0
68.375,0
68.55555555555556,0
67.75,0
67.5,0
68.44444444444444,0
68.375,0
68.875,0
68.11111111111111,0
67.875,0
67.375,0
67.75,0
67.77777777777777,0
67.44444444444444,0
64.125,0
69.0,0
68.77777777777777,0
68.0,0
67.66666666666667,0
67.11111111111111,0
69.625,0
68.75,0
68.22222222222223,0
67.0,0
67.88888888888889,0
66.625,0
67.5,0
0.0,0
0.0,0
0.0,0
0.0,0
0.0,0
0.0,0
0.0,0
0.0,0
0.0,0
0.0,0
0.0,0
0.0,0
0.0,0
0.0,0
0.0,0
0.0,0
0.0,0
0.0,0
0.0,0
0.0,0
0.0,0
0.0,0
0.0,0
0.0,0
0.0,0
0.0,0
0.0,0
0.0,0
59.625,0
69.75,0
69.22222222222223,0
69.5,0
66.77777777777777,0
67.0,0
69.625,0
68.875,0
69.625,0
68.11111111111111,0
67.14285714285714,0
67.88888888888889,0
69.5,0
68.11111111111111,0
67.875,0
67.625,0
67.77777777777777,0
69.5,0
68.75,0
67.77777777777777,0
59.875,0
64.11111111111111,0
64.125,0
69.125,0
68.77777777777777,0
67.375,0
68.33333333333333,0
69.5,0
68.77777777777777,0
66.875,0
68.77777777777777,0
67.77777777777777,0
66.75,0
69.22222222222223,0
69.11111111111111,0
68.625,0
65.44444444444444,0
69.0,0
67.11111111111111,0
68.375,0
68.55555555555556,0
65.22222222222223,0
65.375,0
68.125,0
68.44444444444444,0
68.0,0
67.88888888888889,0
59.125,0
67.44444444444444,0
65.0,0
66.75,0
68.875,0
60.77777777777778,0
67.625,0
68.25,0
69.22222222222223,0
68.11111111111111,0
68.14285714285714,0
69.85714285714286,0
66.77777777777777,0
66.375,0
68.11111111111111,0
68.0,0
68.625,0
68.22222222222223,0
67.625,0
67.5,0
69.125,0
65.5,0
69.11111111111111,0
67.66666666666667,0
65.625,0
67.0,0
69.625,0
66.14285714285714,0
65.875,0
68.55555555555556,0
68.625,0
69.0,0
66.375,0
68.25,0
68.5,0
68.375,0
64.77777777777777,0
69.0,0
65.0,0
66.66666666666667,0
65.75,0
66.44444444444444,0
69.625,0
67.85714285714286,0
68.0,0
69.125,0
67.22222222222223,0
68.85714285714286,0
68.375,0
69.55555555555556,0
69.25,0
64.55555555555556,0
59.125,0
60.666666666666664,0
65.375,0
66.0,0
61.77777777777778,0
64.375,0
57.22222222222222,0
66.55555555555556,0
66.25,0
64.0,0
69.875,0
62.666666666666664,0
61.5,0
69.77777777777777,0
65.75,0
69.5,0
64.44444444444444,0
68.0,0
66.85714285714286,0
70.0,0
58.375,0
58.875,0
67.0,0
59.75,0
64.11111111111111,0
55.75,0
61.333333333333336,0
67.0,0
69.77777777777777,0
61.875,0
70.0,0
63.857142857142854,0
69.71428571428571,0
62.875,0
62.44444444444444,0
67.11111111111111,0
69.75,0
64.875,0
65.25,0
62.75,0
67.0,0
54.375,0
67.11111111111111,0
66.625,0
60.55555555555556,0
65.5,0
63.44444444444444,0
63.111111111111114,0
66.125,0
64.875,0
62.77777777777778,0
66.88888888888889,0
67.57142857142857,0
63.666666666666664,0
64.0,0
64.44444444444444,0
65.375,0
63.125,0
65.25,0
66.11111111111111,0
65.75,0
65.66666666666667,0
66.125,0
67.5,0
67.11111111111111,0
64.77777777777777,0
68.25,0
67.75,0
66.875,0
65.44444444444444,0
67.14285714285714,0
64.44444444444444,0
63.75,0
63.714285714285715,0
65.44444444444444,0
60.833333333333336,0
58.888888888888886,0
34.0,0
31.75,0
40.888888888888886,0
51.75,0
62.77777777777778,0
55.125,0
40.625,0
40.0,0
63.75,0
63.333333333333336,0
61.5,0
61.333333333333336,0
62.75,0
66.25,0
66.33333333333333,0
63.375,0
65.22222222222223,0
68.5,0
64.375,0
63.75,0
64.875,0
65.0,0
64.875,0
64.0,0
62.666666666666664,0
66.125,0
63.625,0
65.375,0
63.44444444444444,0
65.125,0
64.88888888888889,0
64.5,0
60.875,0
66.625,0
65.11111111111111,0
64.125,0
63.25,0
67.125,0
67.55555555555556,0
63.666666666666664,0
65.375,0
64.77777777777777,0
58.625,0
64.33333333333333,0
63.25,0
65.25,0
65.55555555555556,0
65.125,0
60.5,0
61.77777777777778,0
65.25,0
64.55555555555556,0
64.75,0
63.22222222222222,0
64.0,0
64.22222222222223,0
64.44444444444444,0
64.44444444444444,0
65.5,0
66.22222222222223,0
63.666666666666664,0
63.333333333333336,0
64.77777777777777,0
64.77777777777777,0
66.77777777777777,0
65.44444444444444,0
63.375,0
63.888888888888886,0
62.77777777777778,0
64.11111111111111,0
62.111111111111114,0
62.44444444444444,0
58.5,0
64.66666666666667,0
67.88888888888889,0
66.375,0
65.77777777777777,0
65.11111111111111,0
64.0,0
64.1,0
61.22222222222222,0
64.88888888888889,0
63.125,0
65.25,0
62.44444444444444,0
58.625,0
67.0,0
55.125,0
60.666666666666664,0
62.0,0
64.44444444444444,0
37.55555555555556,0
30.125,0
32.0,0
32.333333333333336,0
27.333333333333332,0
35.125,0
28.88888888888889,0
31.5,0
32.625,0
31.77777777777778,0
30.77777777777778,0
32.111111111111114,0
34.44444444444444,0
56.875,0
61.55555555555556,0
61.666666666666664,0
45.625,0
31.77777777777778,0
25.25,0
29.555555555555557,0
27.333333333333332,0
17.0,0
26.333333333333332,0
22.0,0
23.0,0
28.11111111111111,0
24.555555555555557,0
23.11111111111111,0
20.666666666666668,0
24.77777777777778,0
21.77777777777778,0
22.77777777777778,0
24.333333333333332,0
27.666666666666668,0
27.0,0
21.875,0
25.22222222222222,0
23.11111111111111,0
29.333333333333332,0
27.555555555555557,0
26.666666666666668,0
32.111111111111114,0
35.0,0
33.333333333333336,0
28.0,0
49.22222222222222,0
63.888888888888886,0
66.55555555555556,0
67.55555555555556,0
68.125,0
67.11111111111111,0
60.3,0
66.5,0
68.55555555555556,0
67.33333333333333,0
66.55555555555556,0
67.0,0
67.55555555555556,0
67.33333333333333,0
67.22222222222223,0
68.88888888888889,0
67.33333333333333,0
66.55555555555556,0
66.125,0
65.66666666666667,0
68.0,0
66.33333333333333,0
67.0,0
63.125,0
65.11111111111111,0
66.88888888888889,0
68.25,0
60.875,0
65.55555555555556,0
64.875,0
63.22222222222222,0
63.22222222222222,0
68.0,0
64.0,0
69.125,0
65.88888888888889,0
67.22222222222223,0
68.0,0
67.22222222222223,0
66.88888888888889,0
65.5,0
66.0,0
68.25,0
68.88888888888889,0
65.11111111111111,0
68.0,0
69.33333333333333,0
63.333333333333336,0
67.88888888888889,0
63.888888888888886,0
63.111111111111114,0
61.44444444444444,0
62.44444444444444,0
62.111111111111114,0
64.88888888888889,0
65.0,0
60.111111111111114,0
62.125,0
67.75,0
66.0,0
65.125,0
63.666666666666664,0
65.11111111111111,0
68.0,0
58.44444444444444,0
57.333333333333336,0
60.111111111111114,0
67.0,0
65.11111111111111,0
64.11111111111111,0
58.888888888888886,0
61.77777777777778,0
65.22222222222223,0
62.888888888888886,0
65.875,0
56.0,0
66.4,0
62.5,0
63.888888888888886,0
63.888888888888886,0
64.77777777777777,0
67.375,0
57.77777777777778,0
62.0,0
62.0,0
57.75,0
56.77777777777778,0
63.44444444444444,0
60.888888888888886,0
69.33333333333333,0
56.0,0
59.0,0
68.11111111111111,0
61.22222222222222,0
59.55555555555556,0
62.0,0
68.77777777777777,0
70.0,0
63.0,0
62.666666666666664,0
55.22222222222222,0
56.333333333333336,0
52.77777777777778,0
58.625,0
63.111111111111114,0
65.375,0
69.0,0
54.111111111111114,0
55.125,0
66.0,0
61.125,0
61.77777777777778,0
68.71428571428571,0
61.333333333333336,0
52.5,0
68.44444444444444,0
58.125,0
64.11111111111111,0
58.875,0
64.75,0
65.875,0
58.125,0
65.125,0
62.888888888888886,0
65.22222222222223,0
65.375,0
66.375,0
63.888888888888886,0
62.5,0
61.75,0
65.75,0
65.44444444444444,0
63.333333333333336,0
67.125,0
65.22222222222223,0
67.75,0
65.875,0
66.22222222222223,0
63.125,0
64.0,0
67.25,0
68.11111111111111,0
67.77777777777777,0
67.375,0
66.33333333333333,0
65.625,0
63.888888888888886,0
65.75,0
66.44444444444444,0
67.0,0
61.888888888888886,0
43.375,0
42.75,0
56.55555555555556,0
63.75,0
47.55555555555556,0
41.625,0
62.25,0
57.888888888888886,0
62.25,0
61.77777777777778,0
65.83333333333333,0
60.0,0
61.44444444444444,0
59.5,0
60.888888888888886,0
61.0,0
63.55555555555556,0
65.5,0
64.55555555555556,0
61.666666666666664,0
59.625,0
60.666666666666664,0
61.75,0
61.75,0
59.714285714285715,0
61.333333333333336,0
60.714285714285715,0
55.42857142857143,0
61.625,0
60.875,0
65.77777777777777,0
64.75,0
60.75,0
56.25,0
59.22222222222222,0
59.875,0
60.875,0
65.5,0
63.0,0
62.125,0
62.0,0
59.111111111111114,0
57.375,0
60.55555555555556,0
60.875,0
62.75,0
64.55555555555556,0
62.625,0
62.0,0
62.77777777777778,0
64.5,0
63.75,0
61.888888888888886,0
59.5,0
66.88888888888889,0
62.375,0
62.75,0
66.25,0
65.0,0
61.666666666666664,0
66.375,0
65.625,0
61.75,0
66.33333333333333,0
64.25,0
65.625,0
61.55555555555556,0
56.55555555555556,0
55.875,0
64.5,0
62.22222222222222,0
64.25,0
63.5,0
64.125,0
64.77777777777777,0
62.125,0
61.875,0
61.25,0
59.25,0
62.333333333333336,0
63.875,0
61.75,0
64.75,0
50.5,0
23.444444444444443,0
25.875,0
30.666666666666668,0
32.875,0
26.333333333333332,0
31.875,0
32.375,0
26.25,0
29.0,0
30.555555555555557,0
26.125,0
29.0,0
28.0,0
27.22222222222222,0
28.375,0
28.333333333333332,0
28.875,0
28.375,0
27.444444444444443,0
34.875,0
29.0,0
30.77777777777778,0
26.75,0
27.11111111111111,0
18.875,0
20.75,0
25.88888888888889,0
18.25,0
22.625,0
21.875,0
20.22222222222222,0
17.77777777777778,0
22.375,0
23.875,0
24.0,0
25.555555555555557,0
21.625,0
20.75,0
21.875,0
23.5,0
25.75,0
24.0,0
22.375,0
21.555555555555557,0
29.875,0
24.666666666666668,0
26.0,0
17.75,0
20.333333333333332,0
23.75,0
26.125,0
25.11111111111111,0
30.75,0
23.75,0
25.11111111111111,0
28.0,0
43.666666666666664,0
65.125,0
65.75,0
67.5,0
66.66666666666667,0
65.375,0
68.57142857142857,0
68.44444444444444,0
65.75,0
68.33333333333333,0
67.5,0
69.66666666666667,0
66.0,0
65.625,0
65.44444444444444,0
64.375,0
66.0,0
64.55555555555556,0
66.125,0
63.888888888888886,0
64.125,0
65.22222222222223,0
68.875,0
63.77777777777778,0
66.625,0
69.75,0
60.77777777777778,0
62.125,0
65.125,0
69.55555555555556,0
68.25,0
66.125,0
66.33333333333333,0
64.25,0
65.22222222222223,0
66.5,0
58.333333333333336,0
64.625,0
67.625,0
64.22222222222223,0
65.875,0
66.125,0
64.88888888888889,0
69.75,0
64.375,0
64.88888888888889,0
63.875,0
69.0,0
65.75,0
67.33333333333333,0
64.75,0
68.375,0
67.88888888888889,0
63.375,0
68.66666666666667,0
65.375,0
67.11111111111111,0
68.25,0
63.75,0
60.5,0
64.77777777777777,0
61.375,0
61.77777777777778,0
67.375,0
61.55555555555556,0
60.25,0
56.0,0
59.625,0
66.375,0
64.88888888888889,0
64.625,0
58.666666666666664,0
54.25,0
62.666666666666664,0
65.14285714285714,0
70.0,0
66.0,0
67.5,0
57.75,0
60.0,0
62.375,0
50.77777777777778,0
68.22222222222223,0
57.0,0
67.75,0
57.0,0
67.625,0
62.333333333333336,0
65.875,0
57.666666666666664,0
60.42857142857143,0
55.0,0
62.625,0
59.75,0
59.77777777777778,0
59.666666666666664,0
59.0,0
68.88888888888889,0
56.0,0
53.375,0
60.77777777777778,0
54.55555555555556,0
64.625,0
51.57142857142857,0
60.75,0
51.875,0
59.0,0
58.55555555555556,0
61.0,0
67.25,0
60.375,0
66.25,0
62.0,0
62.44444444444444,0
65.75,0
48.55555555555556,0
61.0,0
63.44444444444444,0
64.875,0
65.66666666666667,0
62.75,0
68.0,0
65.75,0
58.375,0
67.11111111111111,0
65.28571428571429,0
66.33333333333333,0
66.55555555555556,0
66.125,0
65.88888888888889,0
58.375,0
67.625,0
66.66666666666667,0
64.5,0
65.22222222222223,0
66.0,0
65.0,0
67.75,0
67.33333333333333,0
68.0,0
67.875,0
